30 60 0 1
0 1 2.1
0 2 3.4
1 3 1.7
1 4 2.8
2 5 4.2
2 6 2.3
3 7 3.1
3 8 1.9
4 9 2.5
4 10 3.0
5 11 2.7
5 12 3.5
6 13 1.2
6 14 4.0
7 15 3.3
7 16 2.1
8 17 2.9
8 18 1.5
9 19 3.6
9 20 2.4
10 21 1.8
10 22 3.3
11 23 2.2
11 24 4.5
12 25 3.1
12 26 2.7
13 27 1.9
13 28 2.2
14 29 3.0
0 15 4.4
1 16 3.3
2 17 2.2
3 18 4.1
4 19 1.7
5 20 3.6
6 21 2.9
7 22 1.8
8 23 3.4
9 24 2.0
10 25 3.9
11 26 1.6
12 27 2.3
13 28 2.7
14 29 4.1
15 16 1.0
16 17 1.1
17 18 1.2
18 19 1.3
19 20 1.4
20 21 1.5
21 22 1.6
22 23 1.7
23 24 1.8
24 25 1.9
25 26 2.0
26 27 2.1
27 28 2.2
28 29 2.3
