200 600 0 0
52 159
103 143
83 174
55 84
118 131
68 130
109 177
98 158
55 187
27 116
15 160
181 183
154 166
173 179
39 99
31 95
29 162
23 100
106 134
7 21
95 143
13 101
59 68
9 49
96 117
87 148
38 103
78 157
26 128
55 164
13 195
98 144
153 196
61 122
51 68
31 108
11 139
135 156
158 167
34 110
25 141
16 92
57 93
36 70
3 122
17 66
139 162
50 72
74 191
150 168
70 148
92 96
24 190
121 141
151 154
62 64
59 166
30 93
17 160
36 173
81 86
17 169
23 81
35 46
83 132
71 167
1 53
41 144
34 105
179 194
158 171
56 114
53 127
34 132
46 106
76 119
8 88
54 55
94 109
134 191
17 182
154 169
41 112
77 196
28 182
16 37
24 50
50 188
123 181
124 146
44 135
124 155
41 148
28 29
103 199
46 92
120 130
23 188
58 66
24 162
58 75
160 193
50 80
28 141
0 70
71 121
70 165
28 159
2 30
21 129
63 153
9 182
10 110
105 128
87 92
45 86
103 194
137 196
7 77
18 77
84 199
24 166
55 144
98 124
43 188
20 34
130 193
0 65
17 145
88 196
71 125
11 83
23 48
77 168
94 99
100 179
123 153
32 44
80 182
34 72
25 103
13 49
51 133
85 135
5 35
39 186
106 194
55 130
138 183
87 199
26 103
13 170
79 115
47 144
100 147
142 162
92 143
182 198
38 190
33 84
32 39
40 141
81 142
110 187
64 80
133 198
53 98
27 36
138 160
137 195
84 189
159 192
126 167
18 76
19 41
53 192
9 122
60 69
129 187
140 196
104 121
49 185
13 21
50 186
10 113
34 80
83 183
14 74
42 191
23 150
32 137
23 168
149 155
24 142
18 80
64 196
0 41
28 121
109 195
9 117
18 192
25 88
27 170
8 166
177 194
66 116
26 43
24 110
158 199
19 22
64 173
53 173
72 186
34 169
72 195
87 193
65 156
6 88
65 174
100 141
20 32
6 97
41 64
110 154
44 87
22 50
45 52
93 101
166 172
37 66
8 179
177 198
16 101
84 165
0 13
36 97
48 62
47 106
76 151
88 153
128 189
128 198
49 152
22 198
38 152
33 64
80 148
162 187
144 151
50 144
125 147
19 138
102 154
60 184
135 187
65 128
10 192
9 84
92 100
139 184
120 189
109 189
163 169
25 37
38 165
79 166
79 184
8 142
122 127
19 151
39 129
30 160
158 166
6 190
13 86
158 175
33 162
53 140
28 65
53 149
107 129
65 132
85 199
29 66
11 30
121 149
57 155
89 187
98 165
36 190
10 70
73 108
79 188
91 153
43 67
106 123
104 190
24 81
104 199
34 122
166 192
9 56
108 178
68 105
74 176
8 11
44 184
53 162
88 129
120 161
15 117
9 83
117 183
139 183
68 141
80 106
6 68
21 66
132 162
71 143
89 191
142 194
91 121
153 194
30 114
50 120
162 181
146 164
91 139
94 135
32 62
40 164
146 182
63 175
24 67
94 153
106 118
13 67
112 198
108 164
17 55
105 177
68 109
9 69
51 187
66 185
139 169
49 123
10 15
18 117
68 136
55 166
36 162
172 184
10 33
47 171
0 96
19 109
154 163
48 163
9 181
165 190
112 184
143 171
135 167
106 131
54 188
3 115
128 137
51 173
117 155
37 135
5 75
42 70
67 163
15 125
10 19
101 146
111 178
0 100
31 87
32 61
131 183
143 148
4 97
45 107
17 36
53 120
10 149
68 81
54 183
3 110
85 170
15 102
85 188
57 117
59 136
126 189
67 149
61 78
97 162
55 156
71 119
39 86
100 191
175 194
146 167
104 161
4 83
64 97
127 135
156 189
0 198
39 180
54 178
15 97
149 186
97 157
1 180
11 72
39 54
13 191
55 169
27 98
111 168
57 197
23 55
28 170
17 170
33 105
6 151
112 169
33 114
42 181
64 101
68 71
20 171
37 102
23 167
31 180
38 76
5 51
130 159
24 150
72 199
87 197
16 164
107 193
17 138
111 163
52 86
146 157
8 174
1 49
122 168
85 128
49 53
37 97
26 60
4 158
89 107
149 158
31 184
35 145
52 150
66 160
15 87
87 192
24 163
59 130
130 181
17 133
75 83
53 55
123 141
80 188
54 136
37 65
25 100
156 165
31 152
164 187
31 161
93 145
86 106
114 195
59 107
4 171
55 118
119 121
99 161
59 125
82 99
4 18
15 185
123 136
104 132
104 141
122 149
62 144
8 182
37 78
106 159
14 94
23 170
118 151
27 42
126 164
65 145
106 195
159 198
92 126
140 175
77 137
5 130
4 22
33 67
112 131
101 192
74 113
54 153
67 83
3 89
114 176
64 157
52 192
89 101
136 182
72 188
56 189
34 189
9 114
5 125
12 21
76 176
112 126
44 71
1 11
33 80
20 110
50 160
8 154
63 188
145 150
43 93
19 172
4 129
135 194
97 100
89 96
35 125
147 177
48 64
68 131
40 60
88 146
61 110
26 152
61 119
140 174
40 96
33 57
8 131
25 62
104 117
71 178
81 124
110 169
39 127
14 52
63 192
13 84
24 84
102 183
75 166
177 195
53 138
1 100
53 147
22 150
70 96
76 139
56 179
78 176
9 104
140 160
41 47
15 147
59 181
42 110
69 127
81 101
47 197
8 126
59 199
20 100
90 186
83 156
106 121
23 114