100 2035 1 1
0 12 16
0 15 15
0 20 17
0 27 16
0 32 25
0 35 18
0 36 32
0 38 22
0 42 38
0 48 38
0 50 22
0 56 23
0 74 31
0 86 37
0 87 29
0 90 24
0 91 17
0 92 34
0 93 34
0 97 30
0 1 37
1 4 22
1 7 27
1 14 30
1 18 27
1 26 39
1 27 15
1 29 25
1 54 16
1 57 35
1 61 39
1 67 18
1 68 34
1 77 17
1 83 15
1 92 30
1 97 26
1 99 36
1 2 22
2 11 40
2 12 26
2 18 25
2 21 37
2 26 24
2 31 32
2 40 32
2 41 21
2 46 37
2 55 36
2 56 20
2 58 34
2 59 37
2 61 35
2 74 30
2 81 31
2 82 17
2 85 29
2 86 17
2 87 15
2 95 17
2 3 18
3 4 19
3 7 16
3 11 21
3 15 25
3 28 19
3 29 33
3 33 25
3 37 21
3 38 32
3 44 40
3 50 22
3 58 25
3 62 17
3 67 32
3 82 20
3 83 16
3 86 27
3 87 20
3 89 26
3 96 18
4 0 35
4 1 22
4 14 22
4 16 31
4 19 32
4 21 40
4 23 30
4 30 20
4 34 26
4 47 36
4 51 38
4 52 33
4 54 26
4 64 29
4 68 17
4 84 25
4 87 31
4 94 24
4 5 24
5 8 18
5 12 40
5 17 35
5 19 17
5 23 16
5 26 22
5 33 16
5 38 39
5 39 18
5 40 39
5 41 20
5 42 26
5 43 34
5 44 27
5 50 39
5 51 38
5 58 23
5 69 40
5 74 31
5 81 18
5 82 32
5 87 24
5 95 15
5 99 28
5 6 15
6 0 26
6 22 18
6 28 18
6 30 19
6 34 21
6 39 30
6 43 37
6 44 17
6 45 24
6 54 17
6 63 24
6 69 28
6 71 15
6 72 32
6 77 39
6 79 38
6 87 35
6 91 35
6 93 38
6 7 24
7 2 40
7 13 37
7 20 18
7 27 27
7 30 32
7 33 39
7 35 37
7 36 31
7 50 27
7 55 34
7 76 15
7 81 28
7 90 21
7 91 29
7 8 32
8 14 33
8 18 18
8 19 34
8 21 19
8 23 27
8 31 28
8 34 35
8 36 28
8 42 27
8 45 20
8 47 29
8 55 30
8 64 33
8 66 19
8 69 21
8 73 15
8 86 37
8 87 37
8 89 31
8 91 19
8 98 40
8 9 39
9 2 25
9 8 40
9 13 16
9 14 24
9 15 31
9 16 31
9 19 39
9 23 20
9 37 24
9 42 30
9 43 24
9 49 40
9 55 16
9 63 26
9 74 23
9 89 23
9 91 32
9 97 15
9 10 38
10 0 24
10 2 27
10 3 19
10 5 19
10 17 23
10 22 25
10 26 17
10 27 31
10 29 20
10 37 20
10 42 34
10 44 39
10 50 30
10 51 20
10 56 23
10 64 27
10 65 26
10 71 35
10 74 28
10 76 38
10 89 34
10 92 40
10 93 18
10 97 35
10 11 40
11 1 30
11 2 24
11 3 18
11 5 23
11 15 34
11 24 39
11 29 34
11 34 31
11 36 18
11 54 34
11 63 18
11 78 39
11 80 40
11 96 16
11 12 40
12 1 23
12 11 28
12 14 25
12 16 32
12 22 35
12 37 25
12 38 18
12 40 32
12 45 19
12 46 20
12 47 17
12 48 39
12 51 40
12 55 39
12 59 17
12 68 30
12 70 39
12 71 26
12 72 27
12 76 24
12 82 39
12 83 37
12 87 33
12 90 34
12 13 32
13 2 31
13 3 23
13 7 24
13 10 38
13 11 22
13 12 22
13 14 34
13 21 35
13 26 28
13 30 39
13 32 20
13 34 19
13 35 20
13 36 20
13 38 20
13 65 25
13 81 38
13 82 25
14 2 18
14 3 32
14 9 16
14 13 39
14 21 19
14 22 32
14 27 33
14 28 17
14 29 19
14 35 39
14 39 15
14 60 17
14 82 27
14 83 25
14 86 20
14 87 38
14 91 39
14 96 40
14 15 24
15 0 22
15 3 38
15 4 22
15 7 26
15 10 16
15 16 39
15 19 21
15 21 34
15 23 21
15 31 15
15 42 24
15 43 29
15 52 33
15 53 34
15 54 27
15 56 21
15 59 20
15 60 18
15 61 39
15 65 20
15 66 22
15 71 39
15 73 26
15 74 23
15 82 16
15 93 39
16 0 31
16 17 35
16 18 35
16 41 20
16 43 17
16 47 18
16 52 31
16 58 19
16 64 19
16 67 21
16 68 40
16 70 40
16 96 26
16 97 31
17 8 38
17 12 30
17 15 32
17 19 33
17 24 37
17 29 29
17 40 28
17 49 29
17 55 26
17 62 37
17 64 40
17 69 24
17 70 31
17 71 37
17 72 30
17 77 35
17 88 28
17 90 27
17 94 18
17 95 28
17 98 31
17 18 33
18 6 29
18 11 40
18 14 37
18 15 35
18 22 20
18 25 29
18 41 35
18 42 26
18 48 20
18 52 21
18 56 29
18 64 26
18 66 31
18 67 18
18 78 37
18 82 35
18 85 38
18 90 31
18 95 18
18 19 23
19 5 23
19 18 23
19 32 31
19 33 18
19 37 29
19 40 32
19 41 19
19 43 31
19 44 29
19 47 35
19 48 32
19 51 24
19 52 37
19 58 29
19 61 38
19 64 21
19 75 30
19 76 37
19 83 37
19 97 32
19 20 21
20 9 17
20 19 17
20 25 25
20 26 16
20 27 39
20 28 16
20 30 38
20 41 34
20 48 17
20 54 39
20 56 33
20 61 37
20 62 32
20 65 27
20 76 31
20 77 36
20 79 28
20 84 21
20 86 29
20 21 33
21 1 40
21 3 39
21 8 19
21 14 29
21 24 35
21 25 40
21 35 27
21 37 30
21 43 32
21 44 20
21 53 29
21 90 34
21 92 16
21 97 39
21 22 33
22 0 35
22 3 18
22 5 40
22 14 21
22 17 18
22 31 37
22 35 18
22 41 29
22 57 22
22 72 35
22 83 23
22 88 29
22 93 19
22 95 24
22 98 17
22 99 21
22 23 31
23 8 30
23 11 27
23 20 36
23 29 32
23 30 34
23 31 25
23 32 36
23 36 17
23 40 39
23 44 29
23 46 15
23 48 20
23 53 34
23 61 34
23 63 22
23 67 39
23 70 38
23 76 35
23 91 19
23 92 27
23 97 20
23 98 32
23 99 33
23 24 31
24 2 29
24 3 16
24 4 19
24 6 29
24 7 37
24 15 20
24 19 26
24 27 39
24 28 15
24 42 19
24 45 21
24 59 18
24 61 25
24 63 16
24 69 32
24 72 34
24 84 29
24 25 37
25 10 29
25 12 32
25 13 20
25 15 16
25 18 32
25 19 39
25 23 34
25 30 38
25 34 39
25 35 28
25 44 40
25 45 31
25 46 36
25 52 32
25 65 21
25 68 28
25 72 36
25 79 21
25 88 38
25 89 26
25 92 18
25 97 25
25 26 26
26 5 38
26 8 33
26 9 31
26 11 25
26 13 17
26 15 20
26 24 21
26 25 21
26 27 17
26 29 19
26 31 22
26 34 33
26 35 27
26 36 29
26 37 37
26 40 28
26 46 32
26 49 37
26 50 39
26 59 22
26 63 35
26 73 27
26 77 35
26 78 24
26 79 36
26 84 19
26 88 19
26 93 28
27 1 35
27 2 39
27 8 21
27 9 25
27 15 22
27 18 17
27 21 28
27 28 23
27 32 17
27 34 18
27 39 40
27 41 39
27 42 16
27 48 15
27 56 30
27 63 15
27 71 29
27 74 30
27 80 29
27 99 21
28 0 25
28 5 25
28 8 38
28 15 24
28 19 28
28 27 24
28 33 37
28 34 23
28 37 36
28 51 39
28 59 26
28 62 28
28 64 19
28 76 34
28 83 21
28 86 39
28 89 40
28 94 33
28 95 23
28 97 38
28 98 30
28 29 16
29 6 36
29 12 21
29 15 17
29 18 26
29 26 39
29 47 36
29 49 24
29 66 26
29 67 21
29 70 38
29 71 29
29 72 32
29 78 27
29 30 29
30 5 34
30 6 23
30 11 21
30 19 15
30 29 28
30 38 20
30 40 28
30 42 40
30 43 32
30 48 32
30 50 35
30 51 33
30 56 18
30 62 24
30 68 23
30 70 37
30 72 31
30 74 15
30 76 32
30 80 33
30 81 38
30 82 30
30 85 35
30 89 21
30 92 34
30 93 38
30 94 37
30 31 26
31 0 20
31 2 25
31 4 22
31 6 16
31 7 29
31 12 16
31 21 35
31 29 25
31 34 29
31 40 19
31 42 25
31 47 39
31 48 16
31 57 36
31 60 25
31 62 34
31 68 19
31 72 26
31 75 18
31 80 31
31 82 40
31 87 15
31 32 15
32 1 25
32 5 17
32 28 35
32 29 36
32 31 24
32 42 31
32 51 39
32 60 28
32 64 34
32 71 23
32 77 35
32 87 40
32 92 38
32 96 20
32 33 40
33 0 28
33 6 33
33 7 37
33 16 38
33 19 16
33 23 37
33 26 18
33 42 29
33 44 37
33 45 36
33 77 19
33 87 32
33 89 17
33 92 27
33 95 30
33 97 25
33 34 16
34 1 27
34 2 25
34 6 38
34 7 34
34 18 16
34 21 20
34 24 38
34 27 16
34 37 32
34 43 21
34 51 40
34 60 37
34 65 36
34 69 17
34 78 31
34 80 23
34 81 39
34 82 26
34 83 16
34 84 25
34 89 38
34 94 25
34 95 19
34 96 25
34 97 23
34 35 21
35 0 22
35 14 17
35 22 25
35 27 29
35 29 35
35 31 29
35 45 22
35 59 23
35 64 32
35 65 25
35 66 19
35 78 33
35 84 32
35 91 36
35 99 18
35 36 31
36 0 34
36 5 39
36 8 20
36 15 35
36 26 27
36 29 31
36 33 16
36 38 22
36 42 39
36 54 15
36 61 38
36 62 35
36 66 25
36 69 33
36 74 35
36 78 38
36 80 15
36 87 18
36 88 32
36 37 22
37 11 30
37 14 22
37 18 20
37 20 32
37 23 17
37 31 30
37 32 36
37 40 38
37 45 39
37 49 39
37 52 23
37 61 40
37 68 21
37 75 36
37 82 19
37 89 28
37 95 16
37 38 28
38 0 20
38 2 19
38 3 39
38 7 30
38 8 38
38 12 39
38 22 23
38 26 22
38 29 37
38 30 24
38 34 21
38 37 16
38 41 38
38 46 20
38 57 20
38 65 35
38 68 38
38 78 29
38 90 16
38 95 26
38 39 36
39 1 25
39 3 24
39 8 32
39 10 18
39 12 28
39 17 37
39 18 16
39 19 22
39 20 33
39 22 33
39 25 32
39 30 39
39 33 15
39 49 20
39 67 27
39 69 31
39 71 32
39 73 32
39 84 18
39 91 32
39 97 27
39 40 30
40 2 27
40 9 27
40 13 35
40 16 20
40 29 27
40 33 15
40 34 30
40 42 28
40 44 36
40 49 32
40 51 36
40 52 39
40 59 35
40 60 24
40 70 32
40 79 27
40 81 27
40 84 36
40 85 33
40 88 16
40 92 15
40 95 36
40 41 19
41 1 28
41 4 33
41 8 17
41 11 40
41 23 38
41 33 33
41 39 18
41 40 36
41 44 16
41 47 19
41 63 20
41 67 20
41 70 20
41 76 25
41 79 36
41 80 40
41 83 16
41 88 25
41 96 32
41 97 15
41 42 26
42 4 20
42 13 38
42 20 19
42 26 31
42 31 40
42 32 31
42 33 36
42 38 15
42 39 27
42 49 31
42 55 31
42 56 16
42 57 32
42 62 25
42 66 24
42 76 38
42 85 18
42 89 35
42 91 20
42 93 24
42 43 35
43 12 16
43 19 16
43 22 36
43 42 17
43 44 40
43 57 38
43 60 26
43 61 17
43 75 30
43 98 37
43 99 30
44 13 40
44 29 23
44 34 34
44 40 26
44 53 32
44 60 33
44 64 15
44 69 37
44 72 35
44 74 20
44 81 26
44 92 40
44 93 21
44 45 33
45 0 25
45 4 15
45 7 23
45 14 40
45 15 34
45 21 33
45 22 28
45 25 36
45 27 15
45 30 34
45 35 32
45 42 28
45 47 26
45 51 23
45 54 15
45 70 24
45 75 17
45 76 31
45 78 26
45 91 38
45 94 36
45 46 26
46 0 25
46 8 18
46 13 20
46 25 18
46 29 26
46 41 40
46 42 21
46 48 18
46 49 31
46 52 33
46 53 25
46 58 30
46 64 40
46 67 18
46 73 29
46 75 22
46 91 31
46 47 19
47 3 19
47 13 34
47 18 29
47 19 16
47 20 20
47 31 21
47 39 30
47 42 18
47 45 39
47 48 31
47 50 35
47 55 38
47 59 25
47 60 36
47 62 37
47 64 31
47 71 20
47 76 32
47 77 37
47 90 21
47 92 17
47 95 20
47 96 40
48 1 37
48 3 19
48 6 19
48 7 32
48 9 33
48 11 39
48 15 36
48 19 32
48 22 28
48 23 37
48 27 38
48 30 20
48 37 35
48 38 25
48 53 33
48 58 15
48 59 33
48 71 34
48 72 33
48 86 25
48 88 28
48 95 25
48 97 30
48 99 26
48 49 39
49 2 23
49 3 23
49 9 22
49 11 16
49 14 32
49 15 17
49 19 22
49 22 31
49 25 26
49 28 28
49 47 28
49 57 20
49 70 28
49 75 18
49 84 39
49 87 31
49 92 40
49 50 38
50 10 27
50 15 40
50 20 26
50 25 25
50 27 30
50 32 39
50 36 38
50 45 38
50 49 19
50 52 17
50 53 27
50 55 15
50 59 22
50 65 19
50 67 22
50 80 37
50 85 27
50 88 23
50 89 26
50 91 36
50 95 34
50 51 25
51 8 19
51 10 16
51 26 29
51 29 28
51 31 17
51 33 21
51 38 17
51 42 40
51 56 36
51 60 37
51 65 25
51 83 19
51 87 15
51 92 27
51 94 25
51 95 19
51 96 21
51 52 18
52 1 21
52 3 15
52 7 39
52 10 34
52 11 26
52 14 39
52 28 19
52 30 19
52 33 36
52 44 27
52 46 17
52 47 36
52 49 26
52 51 16
52 53 17
52 55 25
52 64 40
52 66 29
52 68 29
52 69 31
52 70 31
52 73 30
52 76 30
52 93 17
53 6 26
53 7 20
53 11 25
53 14 33
53 21 23
53 29 16
53 31 24
53 32 25
53 38 37
53 40 19
53 58 29
53 60 20
53 66 21
53 71 25
53 72 21
53 76 36
53 77 16
53 78 24
53 84 38
53 92 27
53 93 23
53 97 40
53 54 15
54 0 26
54 2 40
54 5 37
54 7 25
54 14 39
54 15 33
54 16 27
54 18 36
54 22 40
54 25 39
54 30 25
54 31 35
54 37 28
54 38 15
54 39 22
54 42 32
54 45 33
54 48 22
54 59 36
54 60 30
54 76 31
54 82 39
54 86 28
54 55 27
55 7 21
55 10 33
55 15 30
55 17 36
55 19 24
55 23 36
55 24 27
55 27 29
55 29 24
55 42 28
55 46 24
55 53 18
55 57 20
55 58 30
55 65 28
55 66 34
55 68 27
55 76 26
55 77 39
55 78 19
55 89 32
55 91 35
55 92 36
55 94 30
55 99 37
55 56 22
56 0 39
56 10 16
56 14 22
56 17 24
56 19 33
56 25 27
56 31 22
56 42 25
56 48 22
56 51 37
56 57 20
56 74 15
56 79 31
56 90 36
56 91 19
56 97 32
56 98 24
57 4 31
57 7 24
57 10 33
57 13 38
57 23 36
57 27 30
57 28 34
57 30 30
57 31 25
57 33 17
57 41 27
57 44 26
57 56 29
57 59 31
57 62 18
57 64 30
57 71 38
57 76 35
57 77 35
57 78 38
57 86 37
57 89 24
57 91 34
57 58 30
58 9 15
58 12 32
58 21 21
58 22 22
58 24 39
58 25 32
58 26 31
58 31 36
58 41 30
58 44 21
58 49 40
58 50 19
58 53 20
58 68 25
58 70 40
58 74 39
58 80 16
58 81 25
58 98 20
58 59 40
59 2 25
59 5 18
59 9 34
59 11 33
59 13 17
59 14 17
59 16 25
59 20 20
59 27 35
59 35 39
59 37 21
59 39 16
59 45 40
59 46 19
59 56 15
59 57 29
59 60 15
59 62 22
59 63 27
59 76 16
59 79 32
59 87 32
59 91 23
59 92 23
59 95 29
60 3 15
60 8 24
60 10 25
60 18 27
60 21 26
60 40 28
60 43 19
60 49 16
60 51 26
60 58 33
60 65 23
60 80 21
60 83 31
60 84 33
60 88 38
60 89 39
60 91 35
60 94 29
60 98 36
60 61 15
61 2 16
61 10 39
61 17 30
61 18 33
61 22 27
61 23 25
61 25 25
61 31 32
61 35 35
61 41 26
61 42 33
61 55 23
61 62 38
61 66 17
61 79 24
61 81 19
61 87 26
61 89 33
61 93 18
61 94 27
62 19 17
62 22 19
62 31 37
62 36 36
62 44 19
62 46 28
62 54 33
62 60 20
62 68 40
62 84 29
62 85 25
62 87 39
62 90 16
62 91 19
62 94 30
62 63 28
63 1 16
63 4 22
63 10 18
63 11 21
63 15 40
63 17 36
63 27 26
63 32 33
63 34 32
63 39 34
63 46 30
63 48 17
63 53 38
63 55 26
63 57 23
63 64 24
63 67 30
63 70 29
63 71 16
63 72 32
63 73 32
63 74 25
63 80 33
63 86 17
63 91 20
64 3 15
64 7 15
64 8 39
64 22 22
64 23 32
64 27 40
64 30 30
64 33 15
64 39 15
64 51 16
64 53 23
64 57 40
64 62 24
64 67 31
64 69 28
64 74 37
64 79 18
64 80 36
64 83 15
64 84 28
64 89 22
64 94 35
64 96 35
64 97 37
64 65 39
65 5 29
65 6 28
65 7 16
65 11 33
65 12 16
65 20 36
65 21 19
65 23 36
65 28 35
65 30 36
65 33 18
65 35 30
65 37 21
65 44 19
65 45 29
65 51 16
65 53 16
65 74 17
65 79 22
65 82 37
65 84 26
65 89 21
65 91 19
65 66 22
66 4 16
66 9 29
66 16 16
66 19 37
66 20 33
66 23 38
66 28 35
66 34 36
66 38 22
66 42 40
66 51 29
66 52 40
66 56 35
66 64 25
66 68 16
66 79 39
66 90 29
66 91 37
66 93 22
66 97 22
66 67 18
67 5 34
67 12 40
67 14 28
67 20 20
67 23 28
67 28 40
67 30 27
67 32 27
67 38 33
67 40 18
67 41 17
67 43 24
67 44 38
67 49 32
67 60 35
67 64 25
67 65 32
67 69 15
67 80 26
67 81 17
67 83 19
67 90 19
67 96 34
67 68 30
68 15 28
68 28 23
68 32 16
68 44 27
68 50 20
68 51 17
68 58 26
68 61 17
68 70 26
68 71 18
68 74 38
68 80 38
68 81 39
68 84 15
68 69 24
69 0 25
69 2 38
69 7 39
69 16 34
69 20 25
69 35 28
69 36 20
69 40 32
69 42 29
69 44 39
69 45 20
69 46 27
69 50 26
69 53 40
69 71 21
69 76 21
69 82 35
69 87 33
69 88 23
69 89 26
69 92 35
69 97 39
69 70 18
70 6 23
70 7 27
70 8 34
70 11 16
70 13 18
70 14 40
70 23 39
70 26 20
70 34 22
70 36 23
70 48 17
70 49 26
70 50 38
70 57 20
70 67 36
70 78 33
70 85 33
70 88 34
70 92 26
70 71 19
71 1 22
71 12 31
71 17 20
71 23 22
71 27 34
71 29 31
71 45 21
71 46 37
71 50 24
71 60 24
71 68 36
71 78 19
71 80 28
71 82 36
71 87 34
71 92 24
71 96 37
71 99 29
71 72 17
72 2 17
72 3 38
72 8 28
72 9 21
72 12 29
72 24 39
72 32 16
72 33 35
72 36 20
72 44 30
72 47 34
72 48 26
72 60 37
72 63 24
72 70 40
72 76 35
72 77 17
72 79 23
72 80 17
72 83 29
72 90 34
72 94 30
72 97 37
72 99 36
72 73 21
73 5 34
73 10 17
73 14 26
73 16 31
73 26 23
73 27 37
73 34 36
73 43 27
73 45 40
73 47 16
73 51 18
73 55 23
73 59 28
73 60 32
73 61 18
73 68 16
73 75 23
73 77 29
73 81 29
73 85 29
73 86 15
73 91 31
73 92 37
73 94 28
73 97 21
73 74 19
74 0 21
74 1 17
74 27 36
74 34 38
74 36 27
74 39 32
74 40 28
74 49 20
74 50 22
74 55 26
74 56 30
74 73 24
74 80 24
74 82 19
74 83 17
74 84 37
74 85 31
74 92 38
74 93 28
74 96 22
74 75 26
75 4 15
75 5 35
75 10 31
75 20 37
75 21 26
75 22 25
75 27 21
75 29 40
75 31 29
75 35 31
75 38 23
75 49 29
75 57 16
75 68 36
75 70 16
75 71 34
75 72 18
75 77 23
75 82 39
75 85 17
75 87 17
75 99 39
75 76 19
76 2 40
76 5 35
76 12 18
76 15 17
76 16 38
76 17 33
76 18 32
76 29 36
76 36 29
76 38 23
76 42 26
76 64 15
76 68 27
76 73 36
76 80 39
76 84 26
76 94 39
76 95 34
76 77 31
77 6 17
77 7 30
77 17 31
77 29 35
77 31 37
77 35 23
77 39 24
77 46 31
77 51 39
77 53 29
77 56 39
77 58 22
77 66 33
77 73 39
77 75 19
77 79 16
77 85 23
77 97 32
77 78 35
78 0 22
78 1 17
78 4 19
78 11 22
78 12 34
78 18 30
78 21 23
78 22 23
78 29 15
78 34 25
78 50 36
78 66 16
78 92 30
78 93 24
78 97 33
78 98 35
78 79 25
79 1 35
79 4 24
79 14 29
79 21 17
79 25 22
79 28 26
79 31 33
79 34 36
79 46 39
79 48 16
79 56 26
79 62 40
79 78 39
79 84 24
79 99 20
79 80 30
80 12 25
80 14 34
80 17 23
80 29 40
80 34 19
80 37 29
80 40 40
80 41 27
80 42 29
80 54 27
80 59 19
80 64 36
80 67 27
80 70 36
80 74 39
80 78 21
80 82 25
80 81 18
81 0 21
81 2 20
81 7 26
81 16 25
81 18 38
81 23 27
81 27 35
81 29 34
81 34 36
81 39 39
81 41 40
81 42 15
81 49 18
81 52 36
81 55 26
81 82 40
81 93 35
81 97 29
82 1 31
82 3 38
82 12 19
82 34 29
82 35 20
82 47 27
82 50 34
82 57 18
82 64 34
82 75 24
82 95 23
82 99 39
82 83 24
83 2 22
83 7 38
83 12 35
83 13 20
83 15 34
83 17 23
83 19 38
83 20 20
83 23 22
83 29 27
83 35 17
83 37 33
83 43 40
83 45 39
83 57 23
83 62 17
83 74 23
83 86 30
83 87 36
83 90 17
83 91 35
83 84 21
84 1 24
84 3 31
84 4 17
84 5 29
84 7 39
84 20 17
84 38 38
84 41 30
84 58 34
84 60 17
84 62 16
84 69 21
84 74 38
84 88 33
84 91 20
84 93 39
84 96 30
84 97 33
84 85 19
85 1 18
85 6 27
85 14 40
85 25 27
85 26 33
85 28 26
85 32 38
85 44 16
85 48 36
85 58 18
85 69 29
85 71 21
85 74 32
85 79 34
85 86 27
85 95 27
85 98 22
86 1 23
86 3 38
86 6 38
86 21 36
86 29 22
86 32 33
86 33 35
86 39 22
86 43 36
86 45 33
86 56 30
86 60 28
86 61 29
86 65 19
86 68 25
86 89 31
86 91 30
86 96 22
86 98 30
86 87 23
87 1 31
87 2 15
87 15 37
87 28 22
87 29 28
87 33 17
87 36 34
87 37 32
87 38 28
87 39 31
87 41 33
87 42 18
87 46 31
87 47 36
87 49 36
87 51 40
87 54 20
87 65 27
87 80 35
87 88 24
87 92 34
87 96 38
87 97 20
87 98 23
88 2 23
88 8 26
88 12 32
88 18 30
88 32 20
88 35 15
88 38 36
88 44 35
88 46 15
88 48 35
88 52 27
88 54 15
88 55 40
88 72 31
88 75 17
88 76 27
88 77 40
88 81 30
88 87 33
88 91 24
88 95 18
88 96 38
88 99 26
88 89 26
89 2 35
89 4 15
89 5 27
89 15 30
89 16 29
89 18 27
89 23 28
89 28 20
89 43 35
89 46 21
89 53 20
89 55 19
89 58 28
89 63 31
89 72 26
89 73 32
89 74 39
89 79 20
89 80 31
89 88 25
89 90 31
90 20 37
90 27 39
90 30 22
90 34 26
90 36 18
90 41 40
90 44 34
90 50 26
90 62 23
90 79 36
90 92 22
90 96 17
90 99 26
90 91 33
91 4 26
91 6 21
91 13 27
91 29 31
91 31 40
91 38 38
91 39 25
91 45 39
91 47 36
91 48 27
91 51 35
91 62 22
91 68 34
91 71 15
91 78 39
91 83 21
91 84 25
91 88 40
91 98 35
91 92 21
92 5 36
92 11 36
92 21 19
92 26 35
92 27 22
92 32 18
92 33 37
92 37 22
92 38 17
92 61 37
92 62 34
92 70 15
92 85 34
92 98 30
92 93 15
93 4 37
93 12 17
93 18 37
93 19 31
93 22 19
93 39 40
93 40 28
93 53 35
93 71 39
93 76 34
93 80 26
93 82 30
93 94 20
94 0 15
94 5 17
94 9 20
94 13 35
94 18 39
94 21 27
94 30 38
94 36 38
94 46 36
94 47 29
94 51 38
94 59 21
94 77 21
94 81 27
94 89 23
94 93 18
94 95 17
94 98 20
95 4 32
95 9 29
95 11 38
95 17 23
95 20 24
95 25 35
95 26 22
95 28 20
95 34 36
95 38 27
95 46 23
95 47 40
95 52 23
95 53 28
95 64 30
95 71 16
95 74 24
95 77 21
95 78 23
95 89 34
95 90 34
95 94 32
95 96 27
95 97 24
96 1 21
96 3 23
96 9 20
96 15 15
96 18 24
96 25 15
96 31 18
96 35 34
96 40 38
96 43 27
96 49 40
96 51 38
96 64 31
96 70 33
96 71 16
96 72 18
96 80 18
96 83 37
96 84 23
96 94 38
96 95 28
96 97 38
97 1 29
97 2 25
97 6 23
97 8 23
97 10 38
97 11 23
97 14 32
97 21 35
97 36 17
97 37 32
97 46 38
97 49 37
97 50 20
97 54 39
97 55 18
97 63 30
97 64 39
97 71 37
97 78 26
97 85 37
97 99 37
97 98 15
98 4 17
98 6 18
98 7 23
98 8 32
98 18 26
98 27 35
98 30 37
98 33 18
98 41 22
98 43 19
98 46 22
98 49 23
98 53 40
98 54 19
98 57 18
98 59 29
98 61 25
98 66 36
98 72 37
98 77 18
98 81 31
98 82 27
98 92 23
98 99 19
99 9 39
99 14 32
99 26 26
99 41 39
99 45 17
99 47 17
99 48 35
99 54 16
99 55 36
99 56 15
99 59 36
99 62 38
99 80 35
99 82 17
99 83 40
99 90 37
99 92 16
