30 210 1 1
0 3 16
0 4 31
0 5 39
0 9 23
0 17 36
0 28 23
0 1 35
1 3 39
1 4 15
1 8 21
1 10 27
1 16 38
1 23 18
1 24 37
1 28 38
1 29 23
1 2 25
2 3 37
2 7 23
2 12 22
2 19 15
2 23 34
2 25 30
3 0 35
3 14 33
3 26 24
3 28 25
3 4 19
4 5 38
4 17 27
4 19 29
4 26 17
5 8 24
5 11 34
5 12 18
5 14 31
5 17 30
5 28 32
5 6 31
6 7 35
6 12 36
6 15 21
6 21 38
7 0 40
7 5 38
7 6 23
7 9 20
7 14 27
7 17 19
7 18 24
7 29 22
7 8 38
8 0 15
8 1 17
8 2 32
8 7 40
8 13 40
8 22 29
8 23 16
8 28 27
8 9 17
9 0 39
9 2 16
9 13 16
9 17 23
9 22 38
9 10 34
10 2 15
10 3 16
10 5 23
10 7 34
10 11 38
10 22 21
10 24 21
11 0 39
11 7 19
11 8 16
11 13 32
11 18 39
11 25 25
11 12 20
12 3 33
12 4 33
12 6 32
12 10 17
12 19 17
12 20 31
12 13 19
13 3 19
13 4 23
13 6 21
13 7 39
13 10 38
13 16 22
13 18 31
13 14 20
14 9 25
14 16 24
14 17 20
14 19 28
14 24 38
14 25 35
14 28 18
14 15 40
15 9 38
15 10 16
15 12 17
15 16 40
15 17 21
15 23 35
15 24 39
15 26 32
16 2 15
16 4 23
16 10 19
16 21 30
16 24 32
16 28 15
16 29 18
16 17 27
17 3 40
17 6 40
17 7 40
17 9 29
17 12 32
17 22 38
17 23 23
17 26 33
17 18 36
18 1 21
18 2 27
18 5 37
18 15 38
18 19 22
19 4 35
19 9 16
19 10 26
19 15 32
19 16 20
19 20 22
20 5 28
20 12 25
20 17 28
20 25 17
20 21 36
21 10 35
21 13 30
21 15 21
21 16 31
21 19 32
21 22 30
21 27 37
22 0 40
22 3 37
22 10 31
22 11 19
22 16 31
22 18 38
22 20 18
22 21 26
22 23 39
22 29 38
23 0 37
23 2 25
23 9 34
23 13 40
23 21 20
23 27 26
23 24 20
24 7 26
24 18 24
24 20 17
24 21 27
24 22 28
24 25 22
25 0 20
25 2 24
25 18 16
25 19 34
25 29 20
25 26 18
26 3 15
26 11 33
26 15 29
26 19 35
26 20 39
26 23 27
26 25 34
26 29 16
26 27 27
27 2 22
27 8 24
27 12 34
27 20 19
27 22 33
27 28 24
27 7 23
28 0 28
28 7 29
28 12 37
28 19 22
28 29 18
29 1 31
29 3 34
29 9 23
29 12 40
29 14 39
29 18 38
29 21 31
29 27 35
