70 1016 1 1
0 2 28
0 5 17
0 12 32
0 20 26
0 23 36
0 39 19
0 44 15
0 47 18
0 49 16
0 50 23
0 53 18
0 54 35
0 62 24
0 69 29
0 1 32
1 17 33
1 25 22
1 32 16
1 38 33
1 40 25
1 50 38
1 54 25
1 57 30
1 62 34
1 67 30
1 69 33
1 2 29
2 1 19
2 10 39
2 12 35
2 16 18
2 17 20
2 20 18
2 22 19
2 25 33
2 27 30
2 29 31
2 32 25
2 33 28
2 34 20
2 39 38
2 41 20
2 46 38
2 53 31
2 55 23
2 57 39
2 60 17
2 64 18
2 3 30
3 5 40
3 22 19
3 24 34
3 25 25
3 38 29
3 40 22
3 46 31
3 49 28
3 54 33
3 56 23
3 57 36
3 62 31
3 4 32
4 1 36
4 3 17
4 5 37
4 15 37
4 33 17
4 34 18
4 35 21
4 41 15
4 54 17
4 55 23
4 61 39
4 62 25
5 2 28
5 11 16
5 24 39
5 32 38
5 45 36
5 50 32
5 51 39
5 60 39
5 63 23
5 69 39
5 6 16
6 5 31
6 10 15
6 18 15
6 20 26
6 26 40
6 38 20
6 41 39
6 45 35
6 50 25
6 55 33
6 60 22
6 65 35
6 7 21
7 5 21
7 9 23
7 10 35
7 15 20
7 18 26
7 24 30
7 27 16
7 29 26
7 30 26
7 31 31
7 37 18
7 40 21
7 48 30
7 58 18
7 62 33
7 64 18
7 65 25
7 69 39
7 8 28
8 9 21
8 17 36
8 21 30
8 25 30
8 29 30
8 32 38
8 33 30
8 41 19
8 46 33
8 49 27
8 50 36
8 53 37
8 59 21
8 66 32
9 0 30
9 3 29
9 5 37
9 24 28
9 30 21
9 34 37
9 38 19
9 39 30
9 47 36
9 50 21
9 51 18
9 57 20
9 58 31
9 10 32
10 0 37
10 1 24
10 4 19
10 11 33
10 12 32
10 14 26
10 16 31
10 18 38
10 23 16
10 24 25
10 35 39
10 44 18
10 45 40
10 46 35
10 53 39
10 55 22
10 60 32
10 67 29
10 68 40
11 9 20
11 13 40
11 26 38
11 33 38
11 37 18
11 38 20
11 57 24
11 62 40
11 63 17
11 65 37
11 66 19
11 12 32
12 5 29
12 6 36
12 17 19
12 30 16
12 31 33
12 32 36
12 33 15
12 38 22
12 42 32
12 44 25
12 50 32
12 58 31
12 60 15
12 62 22
12 68 18
12 13 18
13 3 38
13 4 32
13 9 25
13 12 34
13 17 37
13 43 31
13 49 25
13 53 23
13 55 36
13 56 34
13 62 38
13 66 32
13 14 17
14 3 21
14 5 24
14 7 15
14 9 21
14 18 29
14 27 31
14 31 18
14 37 32
14 64 32
14 65 37
14 15 21
15 0 29
15 1 17
15 5 18
15 21 40
15 26 22
15 30 18
15 32 38
15 34 17
15 35 19
15 38 29
15 39 33
15 45 21
15 46 25
15 47 22
15 60 19
15 62 32
15 16 32
16 7 40
16 13 21
16 14 22
16 20 36
16 25 22
16 32 34
16 34 31
16 37 37
16 38 28
16 39 29
16 48 15
16 59 21
16 62 19
16 67 27
16 68 27
16 17 16
17 13 36
17 19 36
17 21 24
17 27 29
17 35 30
17 43 18
17 46 34
17 52 29
17 53 21
17 18 33
18 2 26
18 12 36
18 16 34
18 19 39
18 22 37
18 24 19
18 35 23
18 43 24
18 52 18
18 54 30
18 61 40
18 64 26
19 3 38
19 14 27
19 16 15
19 21 34
19 23 15
19 34 26
19 36 37
19 37 37
19 38 28
19 44 35
19 51 18
19 52 24
19 20 34
20 3 16
20 12 15
20 13 40
20 14 31
20 15 26
20 22 21
20 23 40
20 36 26
20 37 22
20 39 23
20 40 38
20 44 34
20 46 37
20 49 37
20 57 24
20 59 31
20 62 25
20 21 34
21 0 29
21 1 38
21 6 24
21 14 19
21 17 30
21 19 30
21 32 25
21 36 40
21 46 35
21 53 18
21 55 32
21 59 37
21 61 34
21 62 33
21 68 16
21 22 15
22 1 40
22 2 30
22 7 31
22 13 34
22 16 26
22 19 35
22 29 22
22 39 27
22 45 23
22 51 22
22 57 28
22 58 23
22 66 19
22 67 15
22 23 18
23 10 35
23 11 30
23 16 20
23 20 16
23 31 36
23 34 40
23 49 25
23 50 21
23 57 20
23 61 31
23 62 30
23 65 20
23 67 16
23 24 37
24 1 28
24 12 16
24 13 34
24 17 31
24 23 23
24 26 40
24 42 16
24 52 40
24 57 37
24 58 17
24 62 33
24 67 15
24 68 34
24 69 33
24 25 40
25 5 38
25 6 29
25 7 19
25 9 35
25 12 17
25 13 17
25 17 32
25 22 26
25 23 24
25 26 34
25 27 15
25 40 37
25 51 16
25 58 32
25 68 20
26 1 40
26 13 17
26 17 36
26 21 25
26 22 15
26 24 15
26 25 26
26 29 16
26 34 38
26 35 15
26 40 40
26 50 20
26 64 32
26 67 34
26 27 30
27 4 36
27 8 23
27 10 36
27 33 17
27 41 16
27 48 35
27 51 34
27 67 15
27 28 29
28 9 24
28 14 33
28 19 28
28 27 21
28 29 32
28 32 25
28 35 22
28 37 33
28 38 38
28 42 17
28 44 35
28 47 27
28 49 31
28 60 37
29 4 40
29 8 38
29 10 35
29 11 32
29 15 40
29 17 38
29 18 33
29 19 27
29 32 35
29 33 36
29 37 32
29 41 20
29 44 20
29 48 21
29 59 25
29 63 23
29 30 40
30 6 22
30 9 36
30 15 19
30 16 17
30 18 16
30 29 24
30 31 26
30 33 18
30 36 24
30 39 21
30 40 15
30 43 28
30 47 34
30 53 31
30 55 32
30 62 19
30 69 20
31 7 39
31 11 15
31 22 27
31 25 38
31 28 34
31 37 20
31 39 35
31 46 26
31 48 36
31 55 20
31 58 35
31 67 15
31 32 23
32 5 16
32 6 38
32 14 21
32 17 16
32 20 33
32 23 35
32 29 38
32 31 32
32 35 19
32 38 33
32 53 21
32 54 25
32 64 38
32 68 35
32 69 24
32 33 29
33 0 35
33 1 24
33 2 38
33 4 21
33 5 18
33 7 33
33 8 15
33 13 40
33 23 33
33 27 34
33 30 18
33 39 33
33 47 39
33 53 31
33 66 38
33 34 36
34 3 33
34 15 25
34 30 28
34 32 20
34 43 28
34 46 35
34 48 26
34 50 39
34 35 32
35 0 35
35 3 16
35 7 35
35 18 21
35 23 15
35 30 29
35 34 24
35 37 33
35 43 30
35 51 27
35 56 22
35 59 30
35 61 38
35 36 28
36 8 19
36 10 31
36 11 28
36 17 18
36 19 23
36 21 30
36 22 17
36 38 20
36 49 36
36 51 24
36 58 32
36 59 15
36 63 24
36 67 32
36 69 21
36 37 17
37 0 33
37 3 19
37 6 18
37 11 23
37 18 32
37 20 19
37 28 18
37 30 17
37 36 25
37 42 27
37 44 28
37 47 33
37 48 30
37 50 20
37 52 15
37 54 22
37 55 24
37 68 18
37 38 36
37 2 26
38 7 39
38 20 24
38 25 32
38 29 15
38 35 30
38 37 22
38 41 31
38 42 38
38 48 36
38 51 31
38 52 36
38 54 37
38 55 28
38 66 26
38 39 21
39 6 19
39 9 34
39 11 38
39 12 21
39 47 26
39 48 37
39 50 30
39 54 31
39 57 30
39 58 25
39 60 31
39 68 32
39 40 18
40 0 25
40 7 30
40 8 33
40 11 15
40 18 26
40 19 19
40 20 30
40 31 22
40 35 15
40 46 37
40 50 40
40 53 37
40 56 25
40 57 24
40 62 15
40 41 36
41 6 29
41 19 21
41 20 16
41 21 23
41 23 25
41 25 19
41 27 37
41 29 30
41 38 18
41 48 15
41 55 19
41 61 15
41 63 39
41 42 24
42 5 34
42 6 34
42 11 36
42 18 30
42 28 26
42 31 22
42 36 20
42 41 23
42 46 29
42 58 33
42 43 20
43 3 39
43 5 26
43 7 17
43 11 28
43 15 22
43 19 39
43 24 39
43 26 25
43 58 38
43 61 16
43 63 40
43 64 19
43 65 15
43 67 26
43 44 20
44 12 32
44 13 23
44 16 34
44 20 24
44 28 32
44 38 32
44 39 21
44 40 18
44 42 17
44 54 19
44 58 27
44 60 28
44 63 29
44 64 36
44 67 28
44 45 34
45 3 31
45 5 32
45 6 27
45 15 15
45 22 23
45 34 28
45 35 17
45 55 35
45 64 40
45 67 33
45 46 25
46 1 16
46 9 18
46 10 21
46 16 37
46 23 34
46 24 30
46 26 24
46 29 30
46 31 37
46 32 25
46 42 29
46 44 29
46 45 32
46 47 36
46 48 28
46 51 18
46 55 32
46 63 39
46 64 19
46 67 32
47 0 18
47 4 32
47 8 34
47 14 18
47 17 20
47 24 38
47 26 30
47 34 36
47 35 32
47 36 38
47 37 35
47 43 27
47 54 32
47 56 28
47 62 37
47 65 17
47 67 37
47 48 30
48 2 40
48 13 35
48 16 15
48 20 17
48 21 29
48 31 36
48 33 30
48 41 34
48 42 27
48 67 20
48 49 30
49 0 39
49 3 15
49 4 36
49 10 40
49 17 20
49 18 21
49 19 34
49 23 38
49 25 32
49 38 17
49 51 18
49 53 23
49 59 40
49 61 21
49 65 32
49 50 30
50 4 21
50 12 29
50 19 34
50 24 30
50 26 19
50 37 20
50 38 34
50 41 27
50 48 40
50 49 27
50 52 39
50 54 15
50 56 31
50 68 29
50 51 21
51 3 21
51 6 25
51 11 27
51 13 38
51 21 37
51 23 16
51 49 37
51 50 27
51 52 15
51 53 38
51 55 23
51 59 30
51 60 19
51 68 32
52 0 40
52 5 33
52 8 26
52 12 34
52 19 19
52 32 37
52 36 16
52 42 15
52 47 18
52 48 26
52 56 38
52 57 33
52 59 18
52 60 15
52 61 18
52 65 16
52 53 36
53 7 19
53 9 19
53 10 34
53 11 16
53 15 35
53 24 32
53 25 17
53 28 17
53 36 34
53 40 34
53 42 23
53 51 39
53 54 15
53 62 23
53 68 33
54 7 29
54 12 19
54 30 34
54 39 37
54 44 21
54 46 33
54 58 35
54 60 38
54 67 16
54 68 15
54 69 18
54 55 26
55 0 17
55 21 27
55 22 27
55 31 39
55 32 16
55 37 24
55 39 18
55 41 18
55 43 15
55 46 34
55 48 26
55 67 34
55 56 26
56 0 26
56 1 23
56 6 18
56 11 23
56 12 27
56 37 37
56 40 38
56 41 30
56 42 16
56 55 34
56 58 17
56 65 31
56 57 24
57 2 20
57 5 20
57 17 17
57 22 20
57 23 25
57 25 15
57 28 15
57 33 21
57 39 37
57 43 24
57 49 25
57 65 25
57 68 21
57 69 15
57 58 27
58 1 25
58 2 16
58 7 40
58 12 15
58 16 19
58 19 37
58 21 37
58 25 16
58 31 35
58 35 33
58 38 37
58 48 21
58 55 20
58 57 27
58 62 26
58 65 36
58 66 22
58 59 30
59 1 32
59 6 19
59 8 23
59 16 33
59 23 26
59 30 37
59 34 20
59 39 22
59 42 16
59 47 40
59 49 33
59 52 26
59 58 18
59 61 22
59 64 32
59 68 28
59 60 36
60 0 23
60 14 16
60 22 18
60 24 34
60 27 20
60 32 18
60 49 20
60 50 26
60 53 36
60 59 18
60 68 24
60 61 40
61 2 15
61 3 21
61 19 27
61 21 33
61 24 38
61 29 15
61 31 38
61 38 20
61 41 21
61 44 33
61 51 16
61 52 18
61 53 38
61 54 35
61 57 39
61 59 27
61 65 16
61 62 24
62 2 22
62 4 40
62 11 15
62 15 21
62 19 37
62 22 19
62 30 31
62 31 30
62 36 24
62 38 18
62 42 20
62 52 37
62 54 15
62 56 35
62 58 34
62 59 25
62 64 29
62 68 17
62 69 37
62 63 27
63 0 18
63 22 19
63 43 26
63 54 34
63 56 19
63 61 28
63 62 25
63 69 29
63 64 18
64 1 35
64 10 28
64 14 20
64 19 39
64 35 36
64 42 19
64 46 18
64 53 26
64 60 17
64 67 16
64 68 33
64 65 35
65 5 21
65 18 21
65 24 29
65 34 35
65 35 17
65 37 36
65 39 20
65 52 23
65 56 34
65 57 39
65 62 29
65 68 25
65 69 15
65 66 35
66 4 40
66 7 40
66 8 25
66 14 35
66 20 23
66 24 27
66 33 23
66 38 34
66 45 27
66 55 35
66 60 27
66 63 38
66 64 20
66 67 34
67 7 21
67 12 30
67 13 36
67 25 16
67 40 23
67 41 26
67 45 25
67 46 32
67 49 16
67 58 30
67 61 28
67 65 19
67 68 26
68 3 33
68 4 33
68 11 26
68 12 32
68 16 25
68 21 37
68 22 38
68 24 25
68 26 37
68 33 18
68 40 26
68 43 36
68 52 29
68 69 20
69 1 24
69 3 16
69 6 37
69 9 36
69 15 15
69 17 21
69 19 35
69 36 38
69 39 15
69 47 19
69 55 35
69 65 33
