50 531 1 1
0 3 36
0 9 32
0 22 36
0 23 38
0 31 32
0 36 34
0 38 16
0 44 24
0 1 25
1 2 22
1 4 32
1 18 23
1 24 38
1 39 28
1 46 29
2 0 20
2 13 29
2 14 17
2 18 29
2 20 28
2 23 27
2 24 38
2 26 30
2 29 21
2 31 16
2 32 40
2 39 18
2 41 29
2 44 19
2 49 21
2 3 38
3 11 33
3 20 18
3 23 30
3 29 25
3 37 18
3 40 26
3 43 20
3 45 26
3 48 31
3 4 18
4 3 25
4 5 23
4 6 34
4 9 39
4 14 26
4 18 40
4 19 31
4 34 28
4 36 24
4 37 15
4 47 37
5 0 18
5 3 20
5 4 21
5 7 19
5 8 35
5 11 40
5 12 18
5 15 26
5 17 38
5 19 33
5 23 22
5 25 28
5 26 17
5 27 31
5 32 39
5 38 35
5 40 31
5 49 28
5 6 32
6 0 18
6 3 27
6 7 21
6 12 33
6 14 32
6 16 25
6 28 30
6 29 29
6 34 23
6 49 18
7 4 19
7 19 34
7 21 22
7 29 32
7 31 22
7 41 34
7 8 25
8 1 15
8 4 31
8 5 31
8 7 24
8 12 19
8 30 18
8 39 26
8 40 37
8 43 31
8 48 25
8 9 17
9 1 19
9 2 40
9 4 35
9 5 21
9 8 19
9 11 33
9 12 17
9 13 18
9 14 17
9 18 25
9 22 27
9 23 27
9 28 18
9 31 17
9 34 33
9 36 40
9 37 18
9 45 28
9 10 38
10 3 23
10 16 36
10 33 15
10 34 20
10 38 24
10 39 40
10 47 26
10 11 30
11 9 35
11 12 28
11 36 20
11 37 39
11 47 26
12 18 27
12 20 25
12 27 40
12 41 37
12 44 37
12 47 31
12 48 18
12 13 29
13 1 37
13 2 20
13 4 19
13 6 32
13 8 17
13 14 22
13 15 20
13 18 20
13 24 16
13 26 35
13 28 28
13 29 35
13 40 27
13 46 20
14 0 32
14 5 18
14 17 16
14 21 31
14 26 35
14 29 30
14 32 18
14 37 23
14 38 20
14 39 39
14 41 17
14 45 31
14 48 16
14 15 28
15 6 22
15 12 33
15 25 34
15 30 31
15 39 28
15 42 33
15 49 40
15 16 21
16 2 18
16 7 25
16 17 16
16 22 23
16 28 38
16 33 20
16 34 40
16 37 39
16 43 23
16 44 28
16 48 30
17 10 19
17 11 40
17 12 32
17 13 27
17 16 37
17 26 15
17 33 38
17 38 21
17 48 22
17 18 37
18 11 21
18 31 37
18 35 20
18 36 17
18 47 22
18 19 17
18 37 37
19 8 27
19 9 31
19 11 26
19 14 29
19 20 27
19 22 27
19 25 21
19 26 30
19 31 31
19 40 21
19 41 16
20 2 31
20 4 28
20 6 35
20 13 27
20 19 19
20 23 30
20 25 31
20 28 39
20 29 18
20 30 31
20 31 28
20 43 15
20 47 19
20 21 26
21 1 34
21 7 30
21 24 18
21 25 38
21 30 27
21 33 27
21 46 37
21 47 26
21 48 35
21 22 17
22 0 33
22 1 33
22 4 28
22 5 16
22 9 35
22 15 16
22 19 27
22 24 28
22 28 35
22 37 18
22 40 35
22 41 24
22 45 33
22 23 17
23 4 34
23 10 16
23 11 18
23 21 17
23 22 31
23 46 29
23 49 40
23 24 16
24 1 27
24 5 25
24 7 25
24 9 20
24 15 29
24 18 21
24 21 29
24 27 35
24 33 26
24 37 33
24 41 39
24 48 24
24 25 40
25 1 25
25 6 39
25 7 32
25 10 31
25 13 29
25 14 28
25 24 29
25 27 31
25 30 36
25 31 18
25 36 33
25 38 16
25 47 20
25 26 31
26 2 20
26 15 28
26 19 39
26 23 32
26 25 17
26 29 24
26 34 15
26 39 38
26 27 28
27 6 28
27 8 22
27 9 18
27 14 28
27 18 35
27 19 31
27 30 40
27 31 23
27 32 21
27 41 26
27 46 34
27 28 20
28 0 35
28 1 15
28 8 15
28 9 23
28 13 36
28 15 15
28 20 35
28 22 16
28 23 38
28 34 30
28 35 26
28 40 26
28 47 18
28 49 40
28 29 24
29 0 18
29 1 40
29 5 21
29 6 16
29 11 34
29 12 33
29 14 28
29 28 22
29 30 34
29 35 26
29 40 40
29 43 38
30 4 27
30 10 35
30 12 35
30 21 33
30 31 34
30 33 39
30 36 21
30 40 22
31 1 16
31 4 33
31 8 33
31 11 24
31 20 26
31 22 38
31 27 24
31 28 17
31 33 27
31 34 21
31 35 33
31 41 20
31 43 29
31 47 20
31 48 19
31 32 33
32 4 26
32 8 38
32 11 25
32 22 16
32 24 40
32 30 39
32 36 26
32 42 33
32 43 15
32 45 30
32 46 27
32 49 30
32 33 19
33 16 27
33 18 39
33 21 31
33 24 38
33 25 16
33 28 31
33 34 29
33 43 38
33 45 35
34 6 17
34 7 19
34 25 31
34 26 40
34 29 21
34 31 25
34 32 24
34 36 26
34 46 28
34 35 39
35 2 16
35 3 18
35 5 39
35 9 16
35 22 18
35 24 19
35 29 27
35 34 29
35 36 35
35 37 27
35 43 40
35 46 33
35 48 32
36 7 33
36 16 23
36 20 32
36 22 36
36 29 34
36 33 33
36 37 16
36 40 15
37 9 29
37 25 32
37 49 28
37 38 15
38 0 20
38 1 20
38 8 16
38 19 30
38 39 34
38 42 37
38 46 40
39 3 20
39 9 28
39 22 26
39 23 39
39 31 29
39 33 26
39 36 27
39 40 19
39 44 17
40 2 26
40 4 25
40 6 30
40 8 39
40 20 22
40 41 27
40 44 31
41 6 37
41 7 33
41 33 39
41 49 26
41 42 23
42 0 16
42 5 18
42 7 38
42 10 35
42 12 17
42 13 39
42 17 25
42 24 29
42 25 32
42 27 20
42 28 15
42 34 24
42 36 23
42 44 40
42 45 25
42 49 19
42 43 26
43 0 30
43 20 31
43 21 15
43 22 18
43 23 29
43 45 18
43 47 19
43 44 26
44 9 36
44 16 31
44 21 40
44 33 23
44 36 25
44 37 25
44 40 35
44 45 23
45 4 22
45 15 39
45 16 37
45 17 19
45 21 16
45 22 35
45 26 16
45 32 16
45 38 30
45 42 33
45 47 21
45 46 39
46 6 28
46 8 31
46 11 38
46 15 19
46 21 38
46 22 23
46 25 25
46 27 24
46 32 24
46 37 23
46 40 31
46 45 17
46 49 17
46 47 16
47 3 21
47 4 28
47 5 34
47 22 21
47 30 39
47 35 29
47 45 24
47 46 30
47 48 38
48 14 24
48 16 38
48 19 33
48 20 16
48 25 37
48 26 22
48 30 25
48 40 40
48 43 24
48 46 32
48 49 38
49 6 31
49 10 21
49 25 27
49 28 36
49 33 24
49 38 39
49 45 38
49 46 15
