70 502 1 1
0 5 19
0 10 29
0 25 16
0 28 17
0 53 24
0 1 29
1 10 19
1 11 20
1 14 20
1 25 14
1 30 22
1 52 24
1 59 24
1 68 26
1 2 14
2 9 30
2 12 27
2 16 27
2 35 12
2 55 12
2 62 14
2 3 10
3 4 28
3 31 29
3 34 12
3 38 23
3 53 11
3 56 30
4 19 12
4 20 19
4 25 28
4 36 19
4 53 15
4 5 21
5 43 19
5 59 28
5 64 29
5 6 27
6 25 26
6 27 19
6 29 12
6 57 13
6 58 23
6 59 21
6 69 20
6 7 18
7 47 10
7 8 22
8 19 11
8 33 11
8 57 18
8 9 11
9 11 29
9 22 29
9 44 21
9 45 25
9 10 16
10 9 16
10 22 18
10 37 10
10 11 28
11 6 26
11 18 23
11 19 23
11 24 19
11 34 15
11 42 18
11 43 20
11 45 27
11 46 21
11 51 12
11 55 22
11 12 29
12 4 18
12 5 12
12 6 15
12 10 18
12 13 21
12 14 26
12 19 23
12 20 16
12 22 30
12 24 27
12 25 22
12 55 30
13 1 22
13 3 15
13 4 18
13 15 18
13 16 16
13 29 20
13 31 17
13 44 15
13 59 18
13 61 28
13 14 21
14 0 14
14 7 12
14 12 25
14 18 30
14 27 21
14 49 15
14 15 19
15 10 19
15 18 20
15 16 13
15 9 17
16 20 27
16 66 29
16 17 10
17 7 10
17 14 17
17 15 21
17 34 16
17 38 26
17 40 16
17 41 15
17 53 27
17 65 26
17 68 21
17 18 30
18 22 17
18 64 22
18 19 13
19 5 22
19 22 30
19 23 24
19 37 11
19 59 22
19 20 28
20 6 25
20 32 12
20 34 10
20 40 27
20 64 11
20 69 27
20 21 24
21 1 13
21 2 21
21 4 24
21 8 11
21 22 20
21 53 18
22 1 10
22 8 16
22 14 16
22 15 11
22 20 30
22 26 24
22 54 27
22 62 29
22 69 13
22 23 28
23 9 18
23 24 24
23 37 22
23 55 20
23 60 11
24 8 12
24 33 21
24 37 21
24 68 11
24 25 14
25 19 19
25 22 10
25 29 13
25 46 29
25 57 27
25 26 29
26 3 10
26 15 10
26 16 29
26 17 10
26 23 21
26 25 10
26 40 10
26 49 27
26 51 11
26 27 11
27 8 15
27 23 20
27 33 22
27 40 28
27 50 16
27 56 30
27 68 23
27 69 19
27 28 12
28 2 17
28 66 30
28 29 10
29 23 17
29 35 30
29 30 22
30 18 23
30 21 22
30 22 25
30 24 12
30 28 17
30 37 30
30 41 21
30 44 11
30 47 22
30 57 26
30 31 16
31 28 27
31 39 25
31 42 16
31 45 29
31 55 17
31 69 23
31 32 16
32 8 27
32 12 27
32 22 12
32 23 18
32 36 15
32 38 11
32 43 22
32 60 26
32 62 14
32 69 24
32 33 14
33 6 12
33 53 18
33 34 12
34 2 30
34 11 21
34 14 26
34 15 29
34 25 10
34 65 22
34 35 10
35 1 27
35 3 24
35 14 22
35 20 12
35 29 11
35 30 14
35 41 25
35 52 21
35 69 30
35 36 20
36 2 24
36 7 29
36 21 13
36 22 17
36 61 30
36 37 12
37 22 29
37 29 16
37 34 22
37 50 21
37 51 14
37 61 20
37 64 28
37 65 23
37 66 24
37 38 28
38 20 28
38 29 11
38 44 15
38 52 22
38 61 30
38 62 14
38 69 20
38 39 13
39 3 19
39 9 25
39 18 12
39 19 12
39 34 13
39 47 19
39 61 18
39 40 24
40 11 16
40 33 12
40 34 15
40 41 13
40 68 17
40 69 11
41 1 23
41 11 14
41 23 21
41 33 22
41 35 15
41 55 16
41 42 21
42 1 27
42 10 21
42 12 17
42 17 29
42 43 29
43 13 30
43 27 20
43 28 24
43 35 21
43 36 24
43 44 30
44 2 23
44 7 21
44 10 30
44 28 16
44 36 28
44 50 19
44 56 10
44 60 13
44 45 11
45 2 12
45 4 19
45 6 27
45 19 28
45 33 24
45 41 11
45 51 16
45 46 22
46 1 20
46 14 14
46 16 16
46 20 23
46 33 18
46 41 11
46 53 16
46 57 18
46 65 16
46 47 23
47 8 11
47 13 12
47 36 27
47 39 17
47 43 15
47 45 21
47 58 25
47 64 15
47 48 21
48 7 30
48 10 22
48 68 11
48 49 18
49 14 28
49 15 14
49 35 18
49 36 26
49 46 22
49 51 10
49 66 14
49 50 30
50 11 30
50 24 30
50 31 14
50 33 28
50 42 10
50 51 12
51 3 10
51 20 11
51 39 21
51 61 12
51 52 25
52 0 27
52 20 21
52 24 26
52 27 23
52 29 16
52 54 20
52 61 17
52 65 26
52 53 27
53 10 29
53 16 17
53 25 25
53 28 15
53 54 19
53 61 23
53 68 24
54 34 22
54 35 13
54 55 30
54 59 21
55 8 29
55 13 18
55 17 28
55 22 19
55 31 20
55 52 11
55 53 22
55 54 20
55 65 14
55 56 14
56 3 10
56 23 21
56 26 22
56 33 10
56 50 15
56 68 24
56 57 10
57 1 20
57 7 17
57 17 20
57 20 19
57 23 21
57 45 12
57 48 19
57 54 11
57 62 16
57 58 22
58 18 16
58 45 30
58 46 12
58 53 29
58 55 15
58 57 28
58 59 15
59 9 13
59 30 22
59 37 18
59 54 16
59 69 18
59 60 17
60 4 30
60 27 25
60 28 30
60 34 22
60 41 11
60 53 17
60 56 28
60 61 24
61 0 12
61 4 25
61 23 20
61 28 21
61 34 14
61 45 16
61 54 30
61 62 22
62 4 21
62 26 18
62 32 19
62 48 17
62 64 26
62 63 12
63 8 23
63 19 17
63 26 19
63 40 25
63 42 27
63 49 26
63 60 12
63 65 20
63 64 22
64 3 29
64 6 26
64 15 21
64 36 11
64 49 10
64 52 24
64 54 16
64 60 13
64 67 13
64 69 22
64 65 18
65 8 19
65 15 27
65 23 29
65 41 27
65 54 16
65 55 29
65 66 22
66 8 25
66 19 20
66 25 27
66 29 26
66 36 21
66 44 24
66 53 13
66 57 18
66 67 19
67 4 17
67 18 20
67 19 12
67 23 10
67 35 21
67 36 24
67 38 10
67 68 25
68 0 20
68 25 28
68 27 28
68 38 26
68 39 15
68 40 18
68 50 19
68 51 29
68 54 11
68 60 28
68 69 17
69 2 14
69 8 21
69 25 14
69 34 26
69 36 25
69 50 12
69 65 11
