100 1044 1 1
0 18 10
0 51 17
0 58 21
0 71 10
0 79 10
0 87 15
0 89 17
0 96 18
0 1 15
1 2 29
1 21 28
1 32 27
1 33 25
1 35 11
1 66 24
1 69 19
1 70 20
1 81 19
1 90 28
2 8 12
2 21 15
2 24 12
2 26 30
2 32 27
2 49 20
2 59 15
2 70 27
2 71 19
2 89 13
2 3 26
3 1 23
3 4 22
3 8 27
3 13 12
3 29 15
3 37 26
3 40 23
3 43 16
3 51 27
3 55 11
3 80 19
3 96 18
3 99 12
4 59 25
4 65 16
4 5 16
5 0 10
5 14 10
5 18 24
5 26 25
5 32 30
5 83 28
5 6 25
6 16 28
6 20 11
6 32 21
6 34 14
6 44 22
6 54 16
6 56 10
6 69 15
6 87 17
6 88 10
6 96 13
6 7 28
7 9 13
7 11 24
7 14 11
7 19 24
7 26 25
7 41 23
7 51 28
7 71 25
7 98 13
7 8 20
8 0 16
8 9 26
8 11 18
8 12 18
8 18 16
8 32 25
8 33 25
8 37 15
8 42 21
8 44 25
8 53 25
8 69 19
8 72 18
8 88 28
8 91 26
8 94 17
8 96 17
9 19 20
9 41 20
9 50 17
9 81 28
9 82 20
9 85 23
9 94 23
9 98 19
9 10 10
10 2 30
10 43 18
10 45 12
10 58 26
10 79 20
10 93 15
10 94 21
10 99 20
10 11 29
11 23 13
11 32 23
11 52 27
11 61 20
11 64 22
11 74 21
11 78 22
11 81 24
11 82 30
11 12 14
12 6 26
12 9 20
12 11 13
12 14 12
12 25 22
12 57 16
12 64 22
12 68 25
12 73 24
12 96 29
12 13 20
13 1 16
13 2 16
13 4 10
13 8 29
13 10 18
13 19 11
13 26 10
13 42 14
13 43 12
13 60 21
13 64 30
13 67 14
13 81 23
13 83 28
13 84 14
13 90 23
13 97 30
13 14 29
14 0 22
14 7 15
14 12 15
14 13 29
14 32 14
14 59 25
14 81 26
14 84 21
14 91 19
14 98 14
14 99 30
14 15 21
15 17 22
15 40 14
15 42 30
15 50 25
15 52 26
15 68 27
15 69 20
15 72 28
15 74 15
15 77 19
15 96 21
15 16 29
16 8 28
16 13 20
16 22 19
16 26 21
16 43 21
16 56 30
16 65 11
16 95 21
16 17 20
17 51 11
17 52 30
17 53 28
17 68 11
17 73 18
17 75 17
17 76 10
17 18 11
18 11 28
18 52 14
18 68 25
18 77 26
18 93 29
18 19 14
19 5 23
19 6 12
19 18 11
19 31 13
19 52 21
19 78 15
19 80 11
19 83 12
19 20 11
20 38 12
20 62 19
20 69 14
20 96 20
20 21 12
21 1 30
21 10 20
21 25 20
21 33 30
21 41 25
21 22 20
22 3 14
22 19 30
22 23 24
22 38 22
22 39 23
22 67 21
22 68 29
22 70 30
22 74 15
22 80 24
22 83 15
22 89 11
22 95 18
23 31 26
23 35 10
23 37 11
23 41 26
23 47 24
23 54 12
23 71 16
23 87 27
23 24 30
24 6 18
24 9 19
24 31 21
24 34 29
24 46 26
24 49 30
24 53 21
24 25 10
25 5 25
25 10 29
25 12 21
25 20 16
25 27 23
25 29 25
25 61 19
25 62 30
25 63 13
25 67 10
25 70 11
25 73 17
25 78 15
25 94 22
25 26 12
26 6 14
26 33 28
26 43 21
26 50 23
26 52 25
26 53 25
26 54 16
26 56 19
26 65 19
26 82 20
26 88 25
26 92 10
26 27 20
27 9 19
27 25 11
27 30 11
27 40 15
27 71 27
27 74 18
27 76 11
27 80 25
27 91 19
27 28 20
28 3 28
28 27 18
28 29 24
28 50 15
28 51 28
28 55 19
28 59 27
28 69 25
29 0 24
29 2 25
29 4 11
29 24 27
29 36 18
29 44 18
29 48 19
29 51 17
29 56 11
29 66 16
29 71 27
29 88 15
29 97 19
29 98 10
29 30 28
30 14 27
30 23 30
30 40 27
30 49 25
30 51 28
30 60 29
30 64 26
30 66 10
30 70 29
30 78 29
30 85 23
30 93 17
30 31 18
31 9 22
31 29 26
31 30 21
31 49 29
31 65 25
31 68 16
31 94 15
31 32 16
32 13 29
32 21 15
32 23 27
32 37 30
32 70 17
32 92 25
32 94 27
32 33 12
33 35 19
33 39 21
33 43 10
33 46 29
33 55 24
33 60 22
33 61 18
33 67 25
33 70 30
33 75 12
33 88 20
33 34 11
34 7 11
34 21 18
34 37 16
34 38 21
34 40 23
34 42 25
34 43 28
34 51 23
34 59 23
34 67 15
34 76 12
34 35 15
35 12 23
35 17 24
35 19 12
35 36 26
35 43 26
35 46 25
35 57 27
35 59 15
35 61 15
35 65 27
35 68 22
35 74 23
35 89 14
35 92 13
35 96 18
36 10 15
36 15 23
36 22 29
36 29 15
36 46 25
36 57 12
36 73 26
36 79 14
36 82 29
36 83 11
36 37 18
37 5 29
37 9 24
37 17 28
37 22 12
37 25 14
37 32 26
37 33 24
37 43 23
37 46 24
37 53 14
37 56 21
37 83 10
37 94 24
37 97 14
37 99 17
37 38 13
38 0 30
38 1 11
38 6 18
38 7 30
38 8 20
38 10 11
38 20 28
38 50 18
38 53 20
38 60 18
38 69 21
38 77 22
38 94 27
38 96 17
38 39 17
39 19 17
39 23 24
39 25 25
39 28 12
39 31 25
39 57 23
39 77 12
39 78 19
39 87 17
39 88 10
39 40 12
40 8 21
40 14 10
40 15 22
40 34 21
40 37 16
40 38 17
40 39 14
40 60 27
40 83 14
40 88 20
40 41 14
41 6 23
41 16 12
41 19 26
41 22 28
41 57 19
41 61 17
41 92 13
41 94 17
41 42 19
42 13 10
42 21 20
42 35 19
42 37 13
42 45 19
42 66 11
42 73 19
42 76 20
42 85 19
42 92 23
42 43 24
43 27 11
43 29 21
43 35 14
43 62 28
43 71 15
43 81 22
43 98 27
43 99 12
43 44 19
44 0 28
44 5 24
44 24 29
44 45 22
44 57 15
44 66 23
44 82 15
44 86 26
44 96 24
44 99 14
45 0 20
45 10 16
45 12 14
45 15 20
45 16 15
45 17 20
45 25 11
45 31 18
45 50 22
45 54 18
45 68 25
45 75 13
45 91 28
45 46 12
46 4 20
46 21 16
46 38 10
46 43 30
46 54 11
46 66 22
46 69 18
46 77 16
46 78 11
46 47 25
47 10 26
47 18 19
47 29 13
47 37 19
47 60 30
47 74 24
47 75 22
47 84 17
47 48 16
48 4 22
48 14 14
48 18 11
48 24 24
48 38 14
48 42 17
48 45 22
48 47 28
48 55 19
48 63 20
48 68 19
48 92 13
48 95 26
48 49 24
49 6 19
49 11 26
49 19 19
49 29 20
49 33 20
49 42 20
49 51 21
49 59 12
49 96 17
49 97 15
49 50 30
50 2 12
50 22 24
50 32 21
50 41 25
50 68 11
50 72 30
50 80 27
50 51 30
51 7 23
51 11 16
51 12 11
51 24 18
51 39 21
51 81 22
51 86 13
51 52 11
52 16 13
52 18 13
52 31 13
52 36 13
52 51 21
52 54 10
52 55 29
52 72 15
52 79 22
52 99 27
52 53 23
53 15 21
53 18 26
53 40 14
53 54 27
54 1 29
54 3 17
54 22 25
54 59 22
54 64 16
54 67 26
54 69 21
54 79 12
54 82 21
54 55 19
55 6 29
55 15 25
55 26 22
55 38 22
55 42 19
55 72 21
55 87 13
55 88 11
55 56 20
56 15 19
56 18 19
56 21 27
56 26 12
56 27 25
56 41 21
56 44 28
56 66 20
56 95 15
56 99 10
56 57 23
57 1 23
57 9 16
57 14 19
57 38 12
57 90 14
57 58 21
58 16 29
58 33 11
58 45 28
58 55 23
58 74 11
58 89 14
58 95 26
58 59 28
59 9 22
59 16 18
59 21 16
59 35 12
59 43 25
59 48 30
59 51 29
59 54 28
59 58 12
59 75 12
59 80 13
59 83 27
59 60 21
60 6 18
60 14 20
60 35 29
60 38 26
60 43 28
60 63 30
60 67 18
60 81 16
60 61 11
61 16 29
61 18 14
61 21 29
61 25 29
61 27 29
61 30 22
61 31 29
61 32 13
61 39 11
61 47 10
61 64 11
61 66 29
61 97 22
61 62 12
62 10 29
62 11 16
62 13 20
62 20 28
62 25 25
62 27 25
62 45 14
62 51 24
62 59 14
62 72 24
62 85 25
62 87 10
62 88 13
62 90 25
62 63 12
63 4 14
63 12 12
63 19 23
63 22 25
63 33 19
63 35 30
63 43 24
63 46 16
63 59 20
63 64 11
63 70 12
63 72 18
63 90 26
63 92 10
64 3 27
64 15 17
64 48 18
64 82 14
64 92 24
64 94 13
64 65 30
65 17 20
65 46 15
65 47 30
65 55 26
65 56 27
65 58 21
65 73 18
65 75 27
65 84 21
65 99 15
65 66 27
66 17 12
66 39 26
66 49 30
66 58 12
66 65 17
66 81 30
66 82 15
66 89 30
66 91 26
66 67 24
67 3 18
67 5 30
67 53 15
67 78 30
67 79 17
67 89 16
67 68 20
68 3 21
68 7 11
68 15 12
68 35 15
68 39 25
68 46 18
68 65 11
68 79 13
68 87 19
68 90 30
68 69 16
69 0 26
69 33 11
69 47 25
69 48 14
69 54 16
69 55 15
69 57 21
69 80 11
69 84 24
69 92 15
69 70 18
70 11 11
70 22 26
70 23 12
70 48 22
70 76 30
70 80 11
70 89 18
70 93 22
70 71 19
71 27 23
71 34 17
71 35 23
71 51 20
71 55 17
71 56 17
71 63 10
71 69 21
71 72 28
71 79 30
71 86 21
71 88 11
72 4 25
72 14 12
72 17 26
72 23 12
72 46 15
72 76 15
72 81 19
72 73 20
73 4 18
73 9 12
73 42 28
73 50 21
73 51 21
73 72 10
73 78 14
73 79 11
73 83 26
73 88 15
73 90 19
73 74 14
74 1 10
74 8 13
74 27 10
74 37 26
74 56 26
74 58 14
74 64 10
74 77 28
74 78 15
74 82 18
74 75 27
75 5 29
75 13 18
75 37 13
75 38 29
75 69 22
75 73 16
75 80 14
75 81 10
75 83 11
75 76 17
76 12 27
76 18 10
76 23 14
76 35 22
76 48 23
76 49 22
76 53 11
76 66 13
76 79 20
76 86 20
76 92 18
76 96 30
76 77 15
77 36 16
77 40 24
77 92 30
77 94 21
77 78 17
78 8 19
78 28 25
78 30 30
78 44 19
78 46 26
78 58 22
78 61 10
78 65 26
78 67 22
78 69 26
78 70 16
78 72 24
78 88 15
78 95 16
78 79 11
79 21 18
79 23 26
79 27 14
79 29 29
79 47 25
79 54 10
79 61 21
79 71 27
79 84 29
79 87 15
79 80 13
80 2 21
80 16 13
80 19 25
80 28 12
80 46 17
80 49 18
80 79 21
80 83 18
80 85 12
80 88 30
80 89 13
80 91 20
80 81 12
81 3 19
81 13 26
81 19 11
81 26 30
81 28 24
81 40 23
81 49 21
81 52 14
81 55 15
81 66 10
81 76 22
81 99 25
81 82 15
82 13 19
82 22 23
82 23 18
82 43 27
82 48 19
82 54 17
82 56 19
82 73 18
82 81 19
82 89 23
82 83 12
83 14 19
83 25 21
83 37 12
83 47 12
83 56 22
83 69 30
83 77 29
83 85 21
83 88 14
83 84 26
84 1 17
84 9 29
84 28 21
84 29 17
84 45 14
84 56 11
84 65 27
84 74 20
84 78 27
84 97 17
84 98 23
84 85 23
85 8 17
85 10 16
85 19 26
85 25 18
85 27 15
85 46 13
85 62 10
85 68 28
85 78 10
85 86 11
86 13 25
86 21 30
86 23 12
86 39 23
86 79 28
86 83 23
86 85 25
86 87 20
87 14 27
87 40 10
87 52 18
87 63 30
87 84 23
87 92 28
87 98 14
87 88 12
88 0 18
88 1 23
88 3 30
88 6 22
88 10 25
88 23 21
88 30 10
88 34 10
88 38 12
88 71 17
88 89 10
89 0 22
89 2 30
89 18 24
89 25 27
89 29 22
89 35 12
89 40 26
89 49 17
89 68 19
89 78 26
89 93 28
89 95 11
89 90 20
90 0 30
90 17 28
90 27 12
90 35 14
90 38 12
90 58 11
90 65 17
90 91 27
90 97 14
91 6 18
91 9 22
91 22 13
91 54 13
91 62 17
91 92 10
92 14 15
92 18 24
92 25 19
92 57 25
92 61 20
92 69 17
92 71 12
92 91 29
92 93 25
93 1 27
93 8 11
93 14 11
93 17 11
93 20 19
93 29 26
93 33 28
93 37 14
93 41 19
93 49 16
93 68 26
93 77 21
93 79 17
93 94 26
94 2 11
94 7 24
94 14 22
94 23 17
94 29 29
94 48 11
94 63 21
94 72 23
94 95 12
95 46 18
95 47 22
95 54 27
95 73 15
95 89 22
95 90 12
95 98 13
95 99 22
95 96 21
96 9 17
96 24 10
96 30 27
96 33 27
96 67 16
96 95 16
96 97 19
96 98 21
96 99 27
97 15 28
97 28 27
97 29 21
97 63 19
97 71 20
97 84 17
97 86 26
97 98 11
98 4 14
98 5 17
98 36 25
98 43 15
98 48 10
98 49 23
98 61 17
98 64 17
98 76 18
98 81 24
98 83 29
98 99 25
98 13 23
99 5 17
99 15 20
99 20 16
99 21 12
99 38 27
99 64 26
99 72 14
99 73 28
99 77 15
99 88 16
