50 284 1 1
0 17 16
0 30 10
0 32 24
0 37 26
0 38 29
0 1 29
1 8 24
1 10 12
1 27 11
1 32 25
1 46 13
1 2 27
2 15 23
2 30 10
2 43 24
2 45 24
2 47 28
2 3 13
3 2 21
3 10 12
3 14 11
3 36 23
3 39 28
3 41 29
3 42 23
3 4 18
4 12 28
4 13 19
4 34 11
4 41 17
4 48 29
4 5 29
5 6 27
5 9 22
5 25 26
5 36 22
5 41 18
6 2 29
6 11 13
6 16 30
6 17 29
6 30 19
6 39 25
6 42 13
6 7 26
7 1 14
7 3 22
7 4 11
7 23 24
7 27 26
7 38 25
7 8 10
8 4 17
8 11 30
8 20 27
8 23 27
8 38 18
8 9 19
9 15 28
9 20 13
9 29 23
9 33 16
9 10 17
10 3 13
10 37 11
10 11 11
11 0 29
11 6 23
11 9 13
11 16 12
11 30 28
11 32 21
11 44 22
11 45 21
11 46 20
11 12 26
12 28 16
12 36 12
12 13 23
13 6 18
13 17 14
13 19 19
13 22 22
13 28 19
13 37 14
13 40 16
13 43 23
13 14 27
14 1 17
14 10 17
14 17 16
14 15 21
15 6 11
15 16 16
16 38 10
16 47 28
16 49 30
16 17 28
17 9 11
17 10 24
17 14 14
17 25 27
17 18 14
18 5 23
18 21 11
18 27 22
18 32 29
18 19 20
19 2 18
19 7 21
19 22 11
19 35 25
19 39 23
19 43 17
19 44 13
19 20 28
20 4 12
20 21 18
20 28 27
20 37 11
21 0 13
21 13 15
21 20 30
21 33 23
21 39 27
21 48 27
21 22 19
22 11 23
22 23 21
23 8 13
23 9 10
23 49 13
23 24 23
24 6 30
24 35 23
24 36 27
24 25 14
25 9 16
25 14 13
25 17 19
25 23 20
25 26 28
25 29 10
26 5 19
26 28 16
26 30 23
26 32 10
26 42 19
26 27 14
27 5 11
27 7 16
27 10 16
27 15 24
27 16 13
27 17 27
27 18 28
27 39 18
27 47 27
27 48 20
27 28 12
28 0 29
28 18 17
28 25 15
28 29 14
29 5 26
29 6 16
29 14 12
29 20 22
29 43 20
29 30 25
30 4 27
30 29 16
30 31 22
31 23 20
31 25 30
31 47 20
31 32 24
32 10 19
32 12 30
32 20 20
32 21 23
32 35 20
32 33 14
33 7 17
33 13 23
33 24 18
33 31 22
33 32 20
33 34 23
34 3 20
34 10 26
34 13 17
34 25 19
34 45 14
34 35 10
35 2 15
35 10 19
35 15 28
35 21 22
35 22 26
35 37 17
35 36 12
36 13 14
36 18 21
36 22 17
36 37 19
36 42 13
36 47 23
36 48 19
37 12 11
37 14 29
37 15 13
37 23 28
37 24 27
37 28 17
37 42 12
37 38 14
38 27 10
38 30 11
38 39 15
38 41 10
38 48 27
39 11 16
39 22 10
39 44 22
39 40 28
40 1 22
40 7 10
40 9 22
40 12 13
40 16 29
40 20 25
40 21 14
40 23 16
40 41 14
40 45 13
41 0 24
41 35 21
41 37 12
41 39 16
41 42 15
42 7 17
42 16 23
42 26 10
42 43 14
42 44 15
42 47 17
43 18 22
43 27 16
43 44 11
44 8 18
44 11 28
44 21 23
44 22 18
44 24 29
44 49 16
44 45 23
45 1 14
45 8 15
45 13 13
45 19 25
45 40 23
45 46 20
46 4 22
46 9 15
46 11 11
46 13 26
46 32 29
46 37 13
46 39 23
46 40 17
46 43 19
46 47 12
47 24 12
47 48 22
48 8 18
48 10 24
48 16 14
48 26 13
48 29 10
48 49 28
49 2 25
49 45 27
49 47 19
