30 118 1 1
0 3 18
0 13 28
0 28 22
0 1 29
1 14 25
1 23 13
1 28 16
1 2 12
2 3 10
3 10 17
3 12 18
3 24 27
3 27 30
3 28 30
3 4 28
4 1 17
4 24 24
4 25 17
4 5 23
5 0 28
5 6 14
5 8 25
5 13 23
5 14 18
5 26 22
6 9 23
6 13 10
6 14 27
6 21 26
6 23 21
6 7 20
7 23 12
7 8 27
8 3 29
8 7 10
8 10 21
8 18 18
8 9 21
9 1 21
9 24 23
9 10 27
10 12 25
10 19 12
10 24 15
10 11 14
11 2 23
11 16 12
11 12 28
12 2 26
12 8 24
12 13 30
13 0 14
13 9 25
13 26 11
13 14 11
14 1 18
14 15 21
14 28 23
15 1 26
15 20 14
15 26 10
15 16 28
16 1 22
16 4 20
16 5 27
16 7 17
16 29 22
16 17 28
17 4 28
17 23 11
17 18 22
18 4 13
18 5 18
18 12 26
18 19 10
19 13 28
19 20 28
20 4 30
20 6 20
20 21 11
21 18 30
21 20 10
21 22 21
22 2 17
22 6 27
22 7 29
22 14 18
22 15 24
22 24 28
22 25 29
22 23 30
23 3 26
23 18 24
23 19 27
23 27 11
23 24 13
24 25 23
25 1 14
25 6 13
25 8 18
25 26 24
26 15 27
26 29 18
26 27 24
27 2 12
27 15 19
27 26 24
27 28 24
28 6 30
28 15 11
28 18 24
28 29 23
28 25 20
29 2 26
29 10 20
29 21 20
29 23 14
29 28 24
