100 597 1 1
0 17 16
0 27 11
0 54 18
0 1 11
1 37 5
1 85 6
1 91 16
1 92 5
1 2 10
2 30 20
2 44 12
2 53 14
2 59 10
2 71 6
2 88 5
2 97 13
2 3 16
3 2 10
3 25 7
3 29 9
3 32 6
3 59 10
3 63 13
3 72 6
3 95 5
3 99 12
3 4 5
4 17 12
4 24 13
4 34 13
4 47 13
4 66 11
4 84 11
4 5 12
5 40 13
5 49 17
5 58 19
5 68 13
5 6 11
6 3 16
6 16 7
6 61 6
6 69 15
6 7 9
7 0 11
7 35 12
7 36 10
7 44 16
7 8 12
8 3 7
8 33 10
8 61 17
8 82 10
8 86 17
8 9 18
9 3 10
9 8 9
9 33 7
9 49 8
9 60 20
9 80 12
9 88 16
9 89 18
9 10 17
10 16 19
10 40 12
10 50 20
10 61 14
10 69 12
10 70 11
10 82 15
10 88 6
10 11 6
11 24 11
11 59 16
11 61 20
11 74 15
11 91 18
11 93 20
11 12 15
12 2 9
12 3 10
12 68 12
12 71 18
12 13 17
13 12 15
13 25 16
13 30 16
13 99 18
13 14 12
14 28 5
14 68 5
14 93 15
14 15 12
15 3 5
15 17 5
15 40 18
15 78 14
15 90 10
15 16 19
16 5 5
16 58 9
16 67 12
16 74 6
16 93 17
16 17 17
17 66 17
17 18 17
18 0 11
18 11 12
18 22 13
18 24 5
18 29 15
18 66 20
18 69 11
18 70 12
18 86 10
18 92 11
18 19 10
19 15 6
19 24 17
19 38 19
19 56 19
19 67 7
19 81 7
19 88 10
19 99 13
19 20 13
20 11 18
20 28 15
20 75 8
20 90 15
20 21 14
21 1 15
21 31 9
21 46 16
21 66 12
21 87 20
21 22 13
22 5 5
22 23 17
22 45 14
22 56 9
22 98 10
23 7 19
23 29 16
23 47 13
23 52 16
23 76 8
23 87 17
23 24 10
24 1 13
24 62 16
24 25 17
25 10 9
25 31 9
25 91 19
25 26 12
26 12 7
26 25 19
26 27 6
26 29 19
26 62 15
26 64 19
27 6 8
27 47 6
27 72 9
27 28 20
28 25 7
28 40 14
28 58 14
28 62 20
28 99 13
28 29 17
29 10 9
29 57 19
29 67 11
29 73 17
29 30 16
30 13 15
30 20 20
30 24 7
30 77 19
30 85 12
30 31 16
31 6 7
31 11 11
31 16 16
31 33 16
31 59 6
31 61 19
31 65 11
31 32 17
32 12 17
32 19 14
32 27 7
32 29 14
32 53 11
32 68 18
32 69 18
32 75 18
32 86 17
32 33 17
33 16 6
33 20 14
33 89 12
33 34 16
34 0 18
34 17 9
34 31 5
34 72 10
34 35 6
35 16 16
35 24 6
35 28 10
35 47 16
35 60 6
35 98 20
35 36 6
36 8 19
36 17 20
36 31 12
36 44 6
36 95 18
36 37 20
37 20 20
37 25 13
37 89 17
37 90 18
37 38 16
38 1 9
38 11 13
38 33 19
38 72 18
38 39 19
39 19 20
39 20 11
39 42 9
39 53 17
39 62 9
39 73 20
39 40 15
40 0 8
40 26 10
40 28 6
40 50 13
40 62 15
40 72 17
40 84 10
40 86 12
40 91 20
40 93 17
40 41 17
41 16 5
41 66 14
41 42 14
42 32 8
42 50 19
42 56 9
42 70 16
42 80 16
42 94 8
42 43 16
43 11 11
43 44 13
44 4 13
44 31 9
44 46 15
44 45 5
45 2 7
45 66 17
45 67 19
45 94 10
45 46 15
46 15 15
46 43 18
46 44 9
46 61 5
46 93 5
46 97 6
46 47 9
47 4 13
47 7 18
47 17 7
47 25 20
47 29 13
47 40 13
47 54 20
47 65 20
47 48 19
48 10 10
48 24 6
48 33 6
48 61 6
48 72 9
48 74 13
48 76 11
48 49 12
49 1 12
49 39 18
49 42 14
49 43 18
49 57 10
49 76 16
49 93 20
49 50 19
50 35 17
50 49 11
50 67 6
50 85 10
50 87 13
50 98 18
50 51 20
51 10 5
51 16 18
51 33 9
51 46 6
51 47 5
51 52 16
52 2 19
52 26 11
52 28 18
52 31 16
52 62 9
52 68 19
52 73 10
52 91 9
52 53 5
53 17 19
53 25 11
53 66 5
53 71 11
53 54 15
54 8 7
54 30 10
54 45 17
54 72 12
54 76 18
54 78 10
54 83 12
54 55 20
55 3 8
55 86 16
55 56 13
56 0 16
56 2 16
56 25 5
56 85 17
56 57 15
57 4 15
57 9 9
57 39 12
57 47 11
57 75 14
57 58 10
58 10 18
58 20 17
58 33 8
58 47 16
58 56 13
58 63 14
58 89 5
58 59 6
59 10 17
59 20 6
59 23 7
59 83 20
59 87 8
59 92 12
59 60 18
60 35 11
60 41 16
60 50 12
60 54 18
60 64 8
60 72 10
60 76 6
60 79 18
60 94 17
60 61 9
61 17 12
61 56 5
61 84 12
61 62 11
62 4 5
62 16 20
62 33 13
62 59 9
62 74 10
62 77 15
62 63 6
63 7 20
63 19 12
63 40 13
63 45 16
63 58 11
63 64 19
64 19 7
64 86 5
64 97 10
64 65 11
65 12 20
65 13 10
65 36 9
65 45 8
65 49 16
65 93 6
65 66 20
66 29 20
66 32 10
66 88 16
66 67 13
67 12 13
67 16 7
67 25 14
67 27 18
67 47 13
67 55 9
67 90 17
67 68 12
68 0 9
68 20 11
68 26 11
68 39 7
68 56 8
68 93 14
68 98 20
68 69 14
69 6 5
69 57 13
69 70 9
70 1 15
70 15 14
70 26 14
70 58 18
70 60 17
70 71 14
71 4 14
71 10 6
71 14 16
71 22 16
71 44 16
71 48 9
71 63 17
71 72 7
72 3 18
72 5 12
72 23 5
72 53 17
72 87 20
72 73 20
73 8 10
73 28 18
73 69 12
73 71 6
73 72 18
73 74 19
74 22 20
74 51 11
74 77 12
74 79 16
74 92 5
74 75 12
75 12 13
75 13 12
75 26 11
75 34 5
75 54 20
75 81 11
75 91 7
75 96 10
75 97 7
75 76 17
76 14 10
76 41 7
76 53 13
76 63 17
76 80 12
76 94 20
76 77 9
77 4 11
77 7 20
77 43 20
77 92 15
77 78 9
78 11 13
78 48 19
78 67 14
78 84 12
78 79 17
79 3 14
79 9 17
79 62 5
79 69 7
79 80 10
80 18 13
80 22 6
80 38 12
80 81 6
81 15 16
81 48 8
81 68 11
81 80 18
81 82 5
82 5 18
82 19 14
82 23 13
82 25 15
82 28 17
82 44 13
82 88 20
82 89 10
82 83 17
83 3 14
83 25 7
83 35 16
83 84 7
83 93 16
84 21 5
84 25 13
84 59 11
84 68 11
84 85 12
85 19 16
85 37 20
85 62 8
85 81 17
85 86 7
86 1 20
86 17 18
86 66 13
86 96 17
86 87 9
87 23 17
87 45 18
87 64 7
87 84 5
87 94 17
87 88 12
88 8 10
88 29 18
88 68 8
88 85 10
88 89 11
89 62 16
89 76 11
89 90 6
90 5 18
90 11 16
90 52 8
90 60 20
90 91 18
91 6 14
91 31 13
91 34 5
91 74 11
91 77 6
91 92 14
92 2 15
92 22 14
92 45 14
92 85 8
92 93 6
93 19 10
93 62 16
93 74 11
93 92 14
93 94 14
94 36 20
94 39 10
94 92 13
94 95 19
95 14 12
95 19 14
95 49 14
95 61 6
95 64 14
95 97 14
95 96 16
96 7 18
96 61 6
96 67 17
96 97 10
97 19 5
97 64 15
97 71 15
97 72 6
97 98 16
98 43 10
98 91 5
98 99 13
99 17 13
99 19 13
99 25 14
99 67 16
99 75 5
99 87 12
