30 68 1 1
0 10 8
0 18 14
0 24 19
0 1 6
1 2 7
2 23 13
2 26 5
2 3 11
3 25 9
3 29 10
3 4 7
4 6 9
4 5 20
5 19 5
5 6 18
6 7 16
7 9 14
7 17 9
7 8 5
8 14 20
8 9 6
9 10 15
10 18 14
10 11 10
11 12 15
11 14 8
12 13 13
13 28 15
13 14 13
14 16 5
14 15 9
15 16 10
15 17 11
16 1 6
16 9 14
16 23 17
17 19 17
17 18 7
17 16 17
18 12 6
18 17 15
18 22 19
18 19 17
19 20 16
20 4 18
20 13 13
20 21 16
21 22 15
22 4 14
22 23 16
23 27 5
23 24 5
24 16 9
24 25 20
25 20 5
25 26 14
26 7 18
26 9 11
26 12 12
26 23 10
26 27 14
27 2 9
27 16 19
27 28 14
28 0 8
28 1 16
28 29 20
29 22 16
