50 157 1 1
0 32 6
0 37 10
0 1 5
1 8 15
1 2 16
2 3 8
3 1 14
3 13 9
3 34 18
3 4 18
4 15 16
4 5 20
5 0 13
5 13 5
5 18 14
5 39 11
5 6 8
6 37 10
6 7 14
7 32 17
7 49 12
7 8 14
8 3 20
8 10 14
8 44 10
8 9 16
10 3 7
10 44 9
10 11 20
10 9 18
11 3 13
11 5 14
11 31 6
11 37 12
11 46 7
11 12 15
12 48 9
12 13 16
13 16 9
13 38 11
13 39 10
13 14 10
14 8 10
14 11 20
14 30 5
14 35 17
14 15 20
15 49 15
15 16 13
16 17 12
17 18 20
18 32 6
18 45 12
18 19 6
19 0 8
19 11 12
19 20 18
19 40 8
20 9 19
20 21 5
21 1 10
21 26 6
21 35 18
21 22 9
22 1 5
22 45 12
22 49 14
22 23 13
23 16 14
23 22 10
23 24 7
23 30 16
23 45 13
24 19 17
24 27 13
24 47 5
24 25 20
25 7 8
25 30 19
25 38 17
25 46 9
25 26 10
26 3 15
26 40 15
26 43 7
26 27 11
27 23 19
27 33 8
27 42 9
27 28 17
28 35 20
28 29 7
29 8 17
29 14 7
29 30 9
29 41 9
30 22 17
30 31 16
31 4 19
31 21 19
31 40 9
31 32 14
32 20 16
32 25 9
32 33 15
33 1 8
33 10 8
33 24 8
33 30 14
33 34 15
33 41 17
33 44 8
34 33 7
34 37 10
34 49 16
34 35 5
35 14 9
35 42 11
35 36 12
36 2 8
36 8 11
36 35 6
36 37 19
37 35 6
37 40 5
37 42 5
37 38 18
38 39 8
39 45 20
39 40 16
40 41 8
41 6 14
41 25 18
41 39 8
41 42 13
42 12 13
42 30 20
42 37 17
42 43 15
43 0 14
43 46 17
43 44 10
44 6 18
44 39 20
44 45 6
45 49 19
45 46 16
46 47 15
47 7 12
47 17 15
47 18 8
47 22 18
47 48 19
48 6 7
48 20 8
48 32 15
48 49 18
