70 311 1 1
0 15 12
0 21 14
0 64 17
0 1 10
1 9 11
1 20 19
1 48 15
1 68 10
1 2 10
2 0 18
2 11 17
2 19 7
2 28 5
2 29 8
2 59 11
2 3 12
3 31 9
3 4 5
4 13 20
4 22 15
4 24 13
4 25 8
4 5 13
5 20 14
5 35 10
5 53 7
5 6 14
6 11 19
6 28 13
6 52 19
6 7 17
7 40 16
7 8 6
8 1 7
8 27 6
8 37 19
8 59 17
8 68 17
8 9 5
9 13 8
9 17 8
9 28 14
9 65 10
9 10 20
10 2 13
10 48 9
10 52 16
10 11 8
11 35 20
11 36 8
11 38 20
11 43 20
11 12 14
12 24 14
12 25 20
12 38 14
12 41 12
12 53 14
12 55 7
12 67 9
12 13 10
13 24 16
13 36 14
13 38 11
13 49 13
13 14 6
14 23 10
14 32 10
14 51 5
14 15 12
15 27 7
15 48 11
15 16 5
16 21 12
16 45 15
16 59 14
16 17 13
17 53 14
17 65 7
17 18 5
18 43 10
18 19 18
19 2 17
19 37 10
19 49 8
19 59 5
19 63 8
19 64 6
19 20 18
20 1 7
20 22 19
20 38 12
20 51 12
20 60 16
20 21 10
20 41 7
21 5 20
21 6 10
21 16 11
21 37 6
21 47 7
21 54 17
21 55 18
21 56 9
21 22 12
22 6 18
22 16 13
22 27 11
22 39 15
22 41 11
22 23 15
23 15 12
23 21 7
23 56 13
23 60 19
23 24 10
24 3 19
24 13 11
24 19 18
24 25 16
25 35 10
25 41 10
25 49 9
25 53 11
25 26 9
26 67 8
26 27 19
27 0 10
27 2 19
27 32 7
27 34 17
27 45 7
27 53 5
27 61 9
27 66 6
27 28 5
28 21 14
28 32 11
28 48 17
28 67 7
28 29 7
29 30 18
29 32 13
29 47 10
30 13 19
30 35 13
30 37 5
30 45 16
30 52 15
30 31 19
31 8 18
31 9 6
31 13 7
31 17 8
31 20 12
31 23 8
31 57 12
31 32 12
32 10 10
32 28 15
32 42 10
32 51 17
32 60 16
32 64 13
32 68 7
32 33 10
33 16 17
33 18 20
33 39 12
33 34 6
34 17 19
34 25 13
34 40 12
34 35 13
35 0 6
35 7 17
35 19 17
35 26 14
35 40 12
35 51 10
35 61 5
35 36 6
36 18 18
36 42 12
36 56 17
36 64 13
36 68 6
36 37 18
37 4 11
37 8 6
37 29 15
37 43 5
37 57 17
37 38 16
38 7 6
38 21 5
38 32 10
38 35 5
38 54 15
38 39 10
39 18 5
39 25 14
39 45 8
39 57 15
39 40 9
40 22 13
40 25 20
40 27 12
40 31 5
40 47 20
40 41 13
41 57 17
41 69 8
41 42 7
42 12 18
42 43 12
43 12 16
43 56 16
43 44 16
44 23 7
44 30 20
44 50 7
44 45 8
45 44 13
45 57 13
45 46 11
46 47 17
47 18 10
47 51 16
47 48 10
48 3 14
48 40 7
48 66 13
48 49 10
49 36 14
49 43 8
49 50 11
50 3 18
50 10 13
50 57 13
50 51 12
51 3 15
51 20 8
51 32 18
51 52 6
52 0 11
52 18 8
52 41 17
52 53 15
53 8 5
53 40 6
53 41 8
53 54 20
54 4 14
54 50 13
54 66 9
54 55 8
55 16 14
55 33 17
55 56 10
56 31 13
56 68 18
56 57 8
57 28 16
57 34 19
57 58 8
58 6 6
58 11 6
58 36 12
58 59 11
59 1 14
59 17 11
59 29 14
59 35 9
59 60 19
60 45 20
60 49 17
60 61 16
61 15 17
61 17 19
61 29 10
61 62 20
62 18 18
62 34 11
62 56 9
62 63 9
63 3 13
63 5 20
63 42 17
63 64 16
64 17 14
64 40 9
64 65 18
65 6 10
65 21 7
65 31 5
65 55 18
65 66 6
66 3 17
66 8 18
66 52 13
66 55 14
66 67 16
67 27 13
67 68 10
68 18 12
68 49 6
68 64 16
68 69 6
69 9 18
69 56 12
